20160809,IF1608,,,3230.8,3216.6,3223,30029,3221,3232.2,3215,5100,4933353720,28083,1.797693135e+308,1.797693135e+308,3538.2,2895,0,1.797693135e+308,11:29:09,500,3231,2,3231.4,2,1.797693135e+308,0,1.797693135e+308,0,1.797693135e+308,0,1.797693135e+308,0,1.797693135e+308,0,1.797693135e+308,0,1.797693135e+308,0,1.797693135e+308,0,967324.2588,20160809
20160809,IF1608,,,3231,3216.6,3223,30029,3221,3232.2,3215,5102,4935292320,28082,1.797693135e+308,1.797693135e+308,3538.2,2895,0,1.797693135e+308,11:29:11,500,3230.4,2,3231.4,2,1.797693135e+308,0,1.797693135e+308,0,1.797693135e+308,0,1.797693135e+308,0,1.797693135e+308,0,1.797693135e+308,0,1.797693135e+308,0,1.797693135e+308,0,967325.0333,20160809
20160809,IF1608,,,3231,3216.6,3223,30029,3221,3232.2,3215,5102,4935292320,28082,1.797693135e+308,1.797693135e+308,3538.2,2895,0,1.797693135e+308,11:29:12,500,3230.4,2,3231.4,2,1.797693135e+308,0,1.797693135e+308,0,1.797693135e+308,0,1.797693135e+308,0,1.797693135e+308,0,1.797693135e+308,0,1.797693135e+308,0,1.797693135e+308,0,967325.0333,20160809
20160809,IF1608,,,3231,3216.6,3223,30029,3221,3232.2,3215,5102,4935292320,28082,1.797693135e+308,1.797693135e+308,3538.2,2895,0,1.797693135e+308,11:29:14,500,3230.4,2,3231.4,2,1.797693135e+308,0,1.797693135e+308,0,1.797693135e+308,0,1.797693135e+308,0,1.797693135e+308,0,1.797693135e+308,0,1.797693135e+308,0,1.797693135e+308,0,967325.0333,20160809
20160809,IF1608,,,3231,3216.6,3223,30029,3221,3232.2,3215,5102,4935292320,28082,1.797693135e+308,1.797693135e+308,3538.2,2895,0,1.797693135e+308,11:29:15,0,3230.4,2,3231.4,2,1.797693135e+308,0,1.797693135e+308,0,1.797693135e+308,0,1.797693135e+308,0,1.797693135e+308,0,1.797693135e+308,0,1.797693135e+308,0,1.797693135e+308,0,967325.0333,20160809
20160809,IF1608,,,3231.4,3216.6,3223,30029,3221,3232.2,3215,5104,4937231160,28082,1.797693135e+308,1.797693135e+308,3538.2,2895,0,1.797693135e+308,11:29:18,0,3230.4,2,3231.6,1,1.797693135e+308,0,1.797693135e+308,0,1.797693135e+308,0,1.797693135e+308,0,1.797693135e+308,0,1.797693135e+308,0,1.797693135e+308,0,1.797693135e+308,0,967325.8542,20160809
20160809,IF1608,,,3231.6,3216.6,3223,30029,3221,3232.2,3215,5105,4938200640,28081,1.797693135e+308,1.797693135e+308,3538.2,2895,0,1.797693135e+308,11:29:19,0,3230.4,3,3231.8,2,1.797693135e+308,0,1.797693135e+308,0,1.797693135e+308,0,1.797693135e+308,0,1.797693135e+308,0,1.797693135e+308,0,1.797693135e+308,0,1.797693135e+308,0,967326.2762,20160809
20160809,IF1608,,,3231.8,3216.6,3223,30029,3221,3232.2,3215,5107,4940139720,28082,1.797693135e+308,1.797693135e+308,3538.2,2895,0,1.797693135e+308,11:29:19,500,3230.6,1,3232,5,1.797693135e+308,0,1.797693135e+308,0,1.797693135e+308,0,1.797693135e+308,0,1.797693135e+308,0,1.797693135e+308,0,1.797693135e+308,0,1.797693135e+308,0,967327.1431,20160809
20160809,IF1608,,,3231.8,3216.6,3223,30029,3221,3232.2,3215,5107,4940139720,28082,1.797693135e+308,1.797693135e+308,3538.2,2895,0,1.797693135e+308,11:29:20,0,3230.6,1,3232,5,1.797693135e+308,0,1.797693135e+308,0,1.797693135e+308,0,1.797693135e+308,0,1.797693135e+308,0,1.797693135e+308,0,1.797693135e+308,0,1.797693135e+308,0,967327.1431,20160809
20160809,IF1608,,,3232,3216.6,3223,30029,3221,3232.2,3215,5109,4942078920,28082,1.797693135e+308,1.797693135e+308,3538.2,2895,0,1.797693135e+308,11:29:20,500,3231,1,3232,3,1.797693135e+308,0,1.797693135e+308,0,1.797693135e+308,0,1.797693135e+308,0,1.797693135e+308,0,1.797693135e+308,0,1.797693135e+308,0,1.797693135e+308,0,967328.0329,20160809
20160809,IF1608,,,3232,3216.6,3223,30029,3221,3232.2,3215,5109,4942078920,28082,1.797693135e+308,1.797693135e+308,3538.2,2895,0,1.797693135e+308,11:29:21,0,3231,1,3232,3,1.797693135e+308,0,1.797693135e+308,0,1.797693135e+308,0,1.797693135e+308,0,1.797693135e+308,0,1.797693135e+308,0,1.797693135e+308,0,1.797693135e+308,0,967328.0329,20160809
20160809,IF1608,,,3232,3216.6,3223,30029,3221,3232.2,3215,5110,4943048520,28082,1.797693135e+308,1.797693135e+308,3538.2,2895,0,1.797693135e+308,11:29:21,500,3231,1,3232,2,1.797693135e+308,0,1.797693135e+308,0,1.797693135e+308,0,1.797693135e+308,0,1.797693135e+308,0,1.797693135e+308,0,1.797693135e+308,0,1.797693135e+308,0,967328.4775,20160809
20160809,IF1608,,,3232,3216.6,3223,30029,3221,3232.2,3215,5112,4944987720,28084,1.797693135e+308,1.797693135e+308,3538.2,2895,0,1.797693135e+308,11:29:22,0,3231,1,3232.6,2,1.797693135e+308,0,1.797693135e+308,0,1.797693135e+308,0,1.797693135e+308,0,1.797693135e+308,0,1.797693135e+308,0,1.797693135e+308,0,1.797693135e+308,0,967329.3662,20160809
20160809,IF1608,,,3233,3216.6,3223,30029,3221,3233,3215,5116,4948867020,28083,1.797693135e+308,1.797693135e+308,3538.2,2895,0,1.797693135e+308,11:29:22,500,3232.6,1,3233,6,1.797693135e+308,0,1.797693135e+308,0,1.797693135e+308,0,1.797693135e+308,0,1.797693135e+308,0,1.797693135e+308,0,1.797693135e+308,0,1.797693135e+308,0,967331.3174,20160809
20160809,IF1608,,,3233.2,3216.6,3223,30029,3221,3233.2,3215,5128,4960505400,28083,1.797693135e+308,1.797693135e+308,3538.2,2895,0,1.797693135e+308,11:29:23,0,3231.6,2,3233.2,1,1.797693135e+308,0,1.797693135e+308,0,1.797693135e+308,0,1.797693135e+308,0,1.797693135e+308,0,1.797693135e+308,0,1.797693135e+308,0,1.797693135e+308,0,967337.2465,20160809
20160809,IF1608,,,3233.2,3216.6,3223,30029,3221,3233.2,3215,5130,4962445320,28083,1.797693135e+308,1.797693135e+308,3538.2,2895,0,1.797693135e+308,11:29:23,500,3233.2,2,3233.6,2,1.797693135e+308,0,1.797693135e+308,0,1.797693135e+308,0,1.797693135e+308,0,1.797693135e+308,0,1.797693135e+308,0,1.797693135e+308,0,1.797693135e+308,0,967338.269,20160809
20160809,IF1608,,,3233.6,3216.6,3223,30029,3221,3233.6,3215,5137,4969235340,28083,1.797693135e+308,1.797693135e+308,3538.2,2895,0,1.797693135e+308,11:29:24,0,3231.8,2,3233.8,2,1.797693135e+308,0,1.797693135e+308,0,1.797693135e+308,0,1.797693135e+308,0,1.797693135e+308,0,1.797693135e+308,0,1.797693135e+308,0,1.797693135e+308,0,967341.8999,20160809
20160809,IF1608,,,3233.6,3216.6,3223,30029,3221,3233.6,3215,5137,4969235340,28083,1.797693135e+308,1.797693135e+308,3538.2,2895,0,1.797693135e+308,11:29:24,500,3232.4,1,3233.4,1,1.797693135e+308,0,1.797693135e+308,0,1.797693135e+308,0,1.797693135e+308,0,1.797693135e+308,0,1.797693135e+308,0,1.797693135e+308,0,1.797693135e+308,0,967341.8999,20160809
20160809,IF1608,,,3233.6,3216.6,3223,30029,3221,3233.6,3215,5137,4969235340,28083,1.797693135e+308,1.797693135e+308,3538.2,2895,0,1.797693135e+308,11:29:25,0,3233.2,1,3233.4,1,1.797693135e+308,0,1.797693135e+308,0,1.797693135e+308,0,1.797693135e+308,0,1.797693135e+308,0,1.797693135e+308,0,1.797693135e+308,0,1.797693135e+308,0,967341.8999,20160809
20160809,IF1608,,,3233.4,3216.6,3223,30029,3221,3233.6,3215,5138,4970205360,28083,1.797693135e+308,1.797693135e+308,3538.2,2895,0,1.797693135e+308,11:29:25,500,3233.2,1,3233.6,1,1.797693135e+308,0,1.797693135e+308,0,1.797693135e+308,0,1.797693135e+308,0,1.797693135e+308,0,1.797693135e+308,0,1.797693135e+308,0,1.797693135e+308,0,967342.4212,20160809
20160809,IF1608,,,3233.4,3216.6,3223,30029,3221,3233.6,3215,5139,4971175380,28084,1.797693135e+308,1.797693135e+308,3538.2,2895,0,1.797693135e+308,11:29:26,0,3233.4,1,3233.6,1,1.797693135e+308,0,1.797693135e+308,0,1.797693135e+308,0,1.797693135e+308,0,1.797693135e+308,0,1.797693135e+308,0,1.797693135e+308,0,1.797693135e+308,0,967342.9422,20160809
20160809,IF1608,,,3233.2,3216.6,3223,30029,3221,3233.6,3215,5143,4975055520,28083,1.797693135e+308,1.797693135e+308,3538.2,2895,0,1.797693135e+308,11:29:26,500,3232.6,1,3233.4,1,1.797693135e+308,0,1.797693135e+308,0,1.797693135e+308,0,1.797693135e+308,0,1.797693135e+308,0,1.797693135e+308,0,1.797693135e+308,0,1.797693135e+308,0,967345.036,20160809
20160809,IF1608,,,3233.4,3216.6,3223,30029,3221,3233.6,3215,5144,4976025540,28084,1.797693135e+308,1.797693135e+308,3538.2,2895,0,1.797693135e+308,11:29:27,0,3232.6,1,3233.4,1,1.797693135e+308,0,1.797693135e+308,0,1.797693135e+308,0,1.797693135e+308,0,1.797693135e+308,0,1.797693135e+308,0,1.797693135e+308,0,1.797693135e+308,0,967345.556,20160809
20160809,IF1608,,,3232.6,3216.6,3223,30029,3221,3233.6,3215,5145,4976995320,28083,1.797693135e+308,1.797693135e+308,3538.2,2895,0,1.797693135e+308,11:29:27,500,3232,1,3233.2,1,1.797693135e+308,0,1.797693135e+308,0,1.797693135e+308,0,1.797693135e+308,0,1.797693135e+308,0,1.797693135e+308,0,1.797693135e+308,0,1.797693135e+308,0,967346.0292,20160809
20160809,IF1608,,,3232,3216.6,3223,30029,3221,3233.6,3215,5146,4977964920,28083,1.797693135e+308,1.797693135e+308,3538.2,2895,0,1.797693135e+308,11:29:28,500,3231.8,2,3233.2,1,1.797693135e+308,0,1.797693135e+308,0,1.797693135e+308,0,1.797693135e+308,0,1.797693135e+308,0,1.797693135e+308,0,1.797693135e+308,0,1.797693135e+308,0,967346.4672,20160809
20160809,IF1608,,,3231.8,3216.6,3223,30029,3221,3233.6,3215,5147,4978934460,28084,1.797693135e+308,1.797693135e+308,3538.2,2895,0,1.797693135e+308,11:29:29,500,3231.8,1,3233,1,1.797693135e+308,0,1.797693135e+308,0,1.797693135e+308,0,1.797693135e+308,0,1.797693135e+308,0,1.797693135e+308,0,1.797693135e+308,0,1.797693135e+308,0,967346.8933,20160809
20160809,IF1608,,,3231.8,3216.6,3223,30029,3221,3233.6,3215,5147,4978934460,28084,1.797693135e+308,1.797693135e+308,3538.2,2895,0,1.797693135e+308,11:29:30,0,3231.8,2,3232.8,1,1.797693135e+308,0,1.797693135e+308,0,1.797693135e+308,0,1.797693135e+308,0,1.797693135e+308,0,1.797693135e+308,0,1.797693135e+308,0,1.797693135e+308,0,967346.8933,20160809
20160809,IF1608,,,3231.8,3216.6,3223,30029,3221,3233.6,3215,5147,4978934460,28084,1.797693135e+308,1.797693135e+308,3538.2,2895,0,1.797693135e+308,11:29:30,500,3231.8,2,3232.8,1,1.797693135e+308,0,1.797693135e+308,0,1.797693135e+308,0,1.797693135e+308,0,1.797693135e+308,0,1.797693135e+308,0,1.797693135e+308,0,1.797693135e+308,0,967346.8933,20160809
20160809,IF1608,,,3232.8,3216.6,3223,30029,3221,3233.6,3215,5148,4979904300,28084,1.797693135e+308,1.797693135e+308,3538.2,2895,0,1.797693135e+308,11:29:31,0,3232.8,1,3233,1,1.797693135e+308,0,1.797693135e+308,0,1.797693135e+308,0,1.797693135e+308,0,1.797693135e+308,0,1.797693135e+308,0,1.797693135e+308,0,1.797693135e+308,0,967347.3776,20160809
20160809,IF1608,,,3233,3216.6,3223,30029,3221,3233.6,3215,5150,4981844040,28084,1.797693135e+308,1.797693135e+308,3538.2,2895,0,1.797693135e+308,11:29:31,500,3231.8,2,3233.4,2,1.797693135e+308,0,1.797693135e+308,0,1.797693135e+308,0,1.797693135e+308,0,1.797693135e+308,0,1.797693135e+308,0,1.797693135e+308,0,1.797693135e+308,0,967348.3573,20160809
20160809,IF1608,,,3233,3216.6,3223,30029,3221,3233.6,3215,5150,4981844040,28084,1.797693135e+308,1.797693135e+308,3538.2,2895,0,1.797693135e+308,11:29:32,0,3232,2,3233.4,2,1.797693135e+308,0,1.797693135e+308,0,1.797693135e+308,0,1.797693135e+308,0,1.797693135e+308,0,1.797693135e+308,0,1.797693135e+308,0,1.797693135e+308,0,967348.3573,20160809
20160809,IF1608,,,3233,3216.6,3223,30029,3221,3233.6,3215,5150,4981844040,28084,1.797693135e+308,1.797693135e+308,3538.2,2895,0,1.797693135e+308,11:29:32,500,3232,2,3232.8,1,1.797693135e+308,0,1.797693135e+308,0,1.797693135e+308,0,1.797693135e+308,0,1.797693135e+308,0,1.797693135e+308,0,1.797693135e+308,0,1.797693135e+308,0,967348.3573,20160809
20160809,IF1608,,,3233,3216.6,3223,30029,3221,3233.6,3215,5150,4981844040,28084,1.797693135e+308,1.797693135e+308,3538.2,2895,0,1.797693135e+308,11:29:33,0,3232.2,1,3232.8,1,1.797693135e+308,0,1.797693135e+308,0,1.797693135e+308,0,1.797693135e+308,0,1.797693135e+308,0,1.797693135e+308,0,1.797693135e+308,0,1.797693135e+308,0,967348.3573,20160809
20160809,IF1608,,,3232.2,3216.6,3223,30029,3221,3233.6,3215,5151,4982813700,28085,1.797693135e+308,1.797693135e+308,3538.2,2895,0,1.797693135e+308,11:29:33,500,3232,1,3232.6,1,1.797693135e+308,0,1.797693135e+308,0,1.797693135e+308,0,1.797693135e+308,0,1.797693135e+308,0,1.797693135e+308,0,1.797693135e+308,0,1.797693135e+308,0,967348.8061,20160809
20160809,IF1608,,,3232.2,3216.6,3223,30029,3221,3233.6,3215,5151,4982813700,28085,1.797693135e+308,1.797693135e+308,3538.2,2895,0,1.797693135e+308,11:29:34,0,3231.8,2,3232.6,1,1.797693135e+308,0,1.797693135e+308,0,1.797693135e+308,0,1.797693135e+308,0,1.797693135e+308,0,1.797693135e+308,0,1.797693135e+308,0,1.797693135e+308,0,967348.8061,20160809
20160809,IF1608,,,3232.2,3216.6,3223,30029,3221,3233.6,3215,5151,4982813700,28085,1.797693135e+308,1.797693135e+308,3538.2,2895,0,1.797693135e+308,11:29:34,500,3232,1,3232.6,1,1.797693135e+308,0,1.797693135e+308,0,1.797693135e+308,0,1.797693135e+308,0,1.797693135e+308,0,1.797693135e+308,0,1.797693135e+308,0,1.797693135e+308,0,967348.8061,20160809
20160809,IF1608,,,3232.2,3216.6,3223,30029,3221,3233.6,3215,5151,4982813700,28085,1.797693135e+308,1.797693135e+308,3538.2,2895,0,1.797693135e+308,11:29:35,500,3232,2,3232.6,1,1.797693135e+308,0,1.797693135e+308,0,1.797693135e+308,0,1.797693135e+308,0,1.797693135e+308,0,1.797693135e+308,0,1.797693135e+308,0,1.797693135e+308,0,967348.8061,20160809
20160809,IF1608,,,3232.2,3216.6,3223,30029,3221,3233.6,3215,5151,4982813700,28085,1.797693135e+308,1.797693135e+308,3538.2,2895,0,1.797693135e+308,11:29:36,0,3232,2,3232.6,1,1.797693135e+308,0,1.797693135e+308,0,1.797693135e+308,0,1.797693135e+308,0,1.797693135e+308,0,1.797693135e+308,0,1.797693135e+308,0,1.797693135e+308,0,967348.8061,20160809
20160809,IF1608,,,3232.2,3216.6,3223,30029,3221,3233.6,3215,5151,4982813700,28085,1.797693135e+308,1.797693135e+308,3538.2,2895,0,1.797693135e+308,11:29:36,500,3232,2,3232.6,1,1.797693135e+308,0,1.797693135e+308,0,1.797693135e+308,0,1.797693135e+308,0,1.797693135e+308,0,1.797693135e+308,0,1.797693135e+308,0,1.797693135e+308,0,967348.8061,20160809
20160809,IF1608,,,3232.2,3216.6,3223,30029,3221,3233.6,3215,5151,4982813700,28085,1.797693135e+308,1.797693135e+308,3538.2,2895,0,1.797693135e+308,11:29:37,0,3232,2,3232.6,1,1.797693135e+308,0,1.797693135e+308,0,1.797693135e+308,0,1.797693135e+308,0,1.797693135e+308,0,1.797693135e+308,0,1.797693135e+308,0,1.797693135e+308,0,967348.8061,20160809
20160809,IF1608,,,3232,3216.6,3223,30029,3221,3233.6,3215,5153,4984752900,28086,1.797693135e+308,1.797693135e+308,3538.2,2895,0,1.797693135e+308,11:29:37,500,3231.8,1,3232.6,1,1.797693135e+308,0,1.797693135e+308,0,1.797693135e+308,0,1.797693135e+308,0,1.797693135e+308,0,1.797693135e+308,0,1.797693135e+308,0,1.797693135e+308,0,967349.6798,20160809
20160809,IF1608,,,3232.6,3216.6,3223,30029,3221,3233.6,3215,5155,4986692280,28087,1.797693135e+308,1.797693135e+308,3538.2,2895,0,1.797693135e+308,11:29:38,0,3232,1,3233,1,1.797693135e+308,0,1.797693135e+308,0,1.797693135e+308,0,1.797693135e+308,0,1.797693135e+308,0,1.797693135e+308,0,1.797693135e+308,0,1.797693135e+308,0,967350.5878,20160809
20160809,IF1608,,,3232,3216.6,3223,30029,3221,3233.6,3215,5156,4987661880,28088,1.797693135e+308,1.797693135e+308,3538.2,2895,0,1.797693135e+308,11:29:38,500,3231.8,1,3233,1,1.797693135e+308,0,1.797693135e+308,0,1.797693135e+308,0,1.797693135e+308,0,1.797693135e+308,0,1.797693135e+308,0,1.797693135e+308,0,1.797693135e+308,0,967351.024,20160809
20160809,IF1608,,,3232,3216.6,3223,30029,3221,3233.6,3215,5156,4987661880,28088,1.797693135e+308,1.797693135e+308,3538.2,2895,0,1.797693135e+308,11:29:39,500,3232,1,3233,1,1.797693135e+308,0,1.797693135e+308,0,1.797693135e+308,0,1.797693135e+308,0,1.797693135e+308,0,1.797693135e+308,0,1.797693135e+308,0,1.797693135e+308,0,967351.024,20160809
20160809,IF1608,,,3232,3216.6,3223,30029,3221,3233.6,3215,5156,4987661880,28088,1.797693135e+308,1.797693135e+308,3538.2,2895,0,1.797693135e+308,11:29:41,0,3232,2,3233,3,1.797693135e+308,0,1.797693135e+308,0,1.797693135e+308,0,1.797693135e+308,0,1.797693135e+308,0,1.797693135e+308,0,1.797693135e+308,0,1.797693135e+308,0,967351.024,20160809
20160809,IF1608,,,3232,3216.6,3223,30029,3221,3233.6,3215,5156,4987661880,28088,1.797693135e+308,1.797693135e+308,3538.2,2895,0,1.797693135e+308,11:29:41,500,3232,2,3233,3,1.797693135e+308,0,1.797693135e+308,0,1.797693135e+308,0,1.797693135e+308,0,1.797693135e+308,0,1.797693135e+308,0,1.797693135e+308,0,1.797693135e+308,0,967351.024,20160809
20160809,IF1608,,,3232,3216.6,3223,30029,3221,3233.6,3215,5156,4987661880,28088,1.797693135e+308,1.797693135e+308,3538.2,2895,0,1.797693135e+308,11:29:42,0,3232,2,3232.8,1,1.797693135e+308,0,1.797693135e+308,0,1.797693135e+308,0,1.797693135e+308,0,1.797693135e+308,0,1.797693135e+308,0,1.797693135e+308,0,1.797693135e+308,0,967351.024,20160809
20160809,IF1608,,,3232,3216.6,3223,30029,3221,3233.6,3215,5156,4987661880,28088,1.797693135e+308,1.797693135e+308,3538.2,2895,0,1.797693135e+308,11:29:42,500,3232,1,3232.8,1,1.797693135e+308,0,1.797693135e+308,0,1.797693135e+308,0,1.797693135e+308,0,1.797693135e+308,0,1.797693135e+308,0,1.797693135e+308,0,1.797693135e+308,0,967351.024,20160809
20160809,IF1608,,,3232,3216.6,3223,30029,3221,3233.6,3215,5156,4987661880,28088,1.797693135e+308,1.797693135e+308,3538.2,2895,0,1.797693135e+308,11:29:43,0,3232,1,3232.6,1,1.797693135e+308,0,1.797693135e+308,0,1.797693135e+308,0,1.797693135e+308,0,1.797693135e+308,0,1.797693135e+308,0,1.797693135e+308,0,1.797693135e+308,0,967351.024,20160809
20160809,IF1608,,,3232,3216.6,3223,30029,3221,3233.6,3215,5156,4987661880,28088,1.797693135e+308,1.797693135e+308,3538.2,2895,0,1.797693135e+308,11:29:44,500,3232,1,3232.6,1,1.797693135e+308,0,1.797693135e+308,0,1.797693135e+308,0,1.797693135e+308,0,1.797693135e+308,0,1.797693135e+308,0,1.797693135e+308,0,1.797693135e+308,0,967351.024,20160809
20160809,IF1608,,,3232,3216.6,3223,30029,3221,3233.6,3215,5158,4989601260,28087,1.797693135e+308,1.797693135e+308,3538.2,2895,0,1.797693135e+308,11:29:45,0,3231.6,2,3232.8,1,1.797693135e+308,0,1.797693135e+308,0,1.797693135e+308,0,1.797693135e+308,0,1.797693135e+308,0,1.797693135e+308,0,1.797693135e+308,0,1.797693135e+308,0,967351.931,20160809
20160809,IF1608,,,3232,3216.6,3223,30029,3221,3233.6,3215,5158,4989601260,28087,1.797693135e+308,1.797693135e+308,3538.2,2895,0,1.797693135e+308,11:29:45,500,3231.6,2,3232.8,1,1.797693135e+308,0,1.797693135e+308,0,1.797693135e+308,0,1.797693135e+308,0,1.797693135e+308,0,1.797693135e+308,0,1.797693135e+308,0,1.797693135e+308,0,967351.931,20160809
20160809,IF1608,,,3232,3216.6,3223,30029,3221,3233.6,3215,5158,4989601260,28087,1.797693135e+308,1.797693135e+308,3538.2,2895,0,1.797693135e+308,11:29:46,0,3231.8,1,3232.6,1,1.797693135e+308,0,1.797693135e+308,0,1.797693135e+308,0,1.797693135e+308,0,1.797693135e+308,0,1.797693135e+308,0,1.797693135e+308,0,1.797693135e+308,0,967351.931,20160809
20160809,IF1608,,,3232.6,3216.6,3223,30029,3221,3233.6,3215,5159,4990571040,28087,1.797693135e+308,1.797693135e+308,3538.2,2895,0,1.797693135e+308,11:29:47,0,3231.8,1,3232.8,1,1.797693135e+308,0,1.797693135e+308,0,1.797693135e+308,0,1.797693135e+308,0,1.797693135e+308,0,1.797693135e+308,0,1.797693135e+308,0,1.797693135e+308,0,967352.4016,20160809
20160809,IF1608,,,3232.6,3216.6,3223,30029,3221,3233.6,3215,5159,4990571040,28087,1.797693135e+308,1.797693135e+308,3538.2,2895,0,1.797693135e+308,11:29:47,500,3231.8,1,3232.8,1,1.797693135e+308,0,1.797693135e+308,0,1.797693135e+308,0,1.797693135e+308,0,1.797693135e+308,0,1.797693135e+308,0,1.797693135e+308,0,1.797693135e+308,0,967352.4016,20160809
20160809,IF1608,,,3232.6,3216.6,3223,30029,3221,3233.6,3215,5159,4990571040,28087,1.797693135e+308,1.797693135e+308,3538.2,2895,0,1.797693135e+308,11:29:48,0,3231.8,1,3232.6,1,1.797693135e+308,0,1.797693135e+308,0,1.797693135e+308,0,1.797693135e+308,0,1.797693135e+308,0,1.797693135e+308,0,1.797693135e+308,0,1.797693135e+308,0,967352.4016,20160809
20160809,IF1608,,,3232.6,3216.6,3223,30029,3221,3233.6,3215,5159,4990571040,28087,1.797693135e+308,1.797693135e+308,3538.2,2895,0,1.797693135e+308,11:29:48,500,3232,1,3232.6,1,1.797693135e+308,0,1.797693135e+308,0,1.797693135e+308,0,1.797693135e+308,0,1.797693135e+308,0,1.797693135e+308,0,1.797693135e+308,0,1.797693135e+308,0,967352.4016,20160809
20160809,IF1608,,,3232.6,3216.6,3223,30029,3221,3233.6,3215,5159,4990571040,28087,1.797693135e+308,1.797693135e+308,3538.2,2895,0,1.797693135e+308,11:29:49,0,3232,1,3232.6,1,1.797693135e+308,0,1.797693135e+308,0,1.797693135e+308,0,1.797693135e+308,0,1.797693135e+308,0,1.797693135e+308,0,1.797693135e+308,0,1.797693135e+308,0,967352.4016,20160809
20160809,IF1608,,,3232.6,3216.6,3223,30029,3221,3233.6,3215,5159,4990571040,28087,1.797693135e+308,1.797693135e+308,3538.2,2895,0,1.797693135e+308,11:29:49,500,3232,1,3232.6,1,1.797693135e+308,0,1.797693135e+308,0,1.797693135e+308,0,1.797693135e+308,0,1.797693135e+308,0,1.797693135e+308,0,1.797693135e+308,0,1.797693135e+308,0,967352.4016,20160809
20160809,IF1608,,,3232.6,3216.6,3223,30029,3221,3233.6,3215,5159,4990571040,28087,1.797693135e+308,1.797693135e+308,3538.2,2895,0,1.797693135e+308,11:29:51,500,3232,1,3232.6,1,1.797693135e+308,0,1.797693135e+308,0,1.797693135e+308,0,1.797693135e+308,0,1.797693135e+308,0,1.797693135e+308,0,1.797693135e+308,0,1.797693135e+308,0,967352.4016,20160809
20160809,IF1608,,,3232.6,3216.6,3223,30029,3221,3233.6,3215,5159,4990571040,28087,1.797693135e+308,1.797693135e+308,3538.2,2895,0,1.797693135e+308,11:29:52,0,3232,2,3232.6,1,1.797693135e+308,0,1.797693135e+308,0,1.797693135e+308,0,1.797693135e+308,0,1.797693135e+308,0,1.797693135e+308,0,1.797693135e+308,0,1.797693135e+308,0,967352.4016,20160809
20160809,IF1608,,,3232.6,3216.6,3223,30029,3221,3233.6,3215,5160,4991540820,28086,1.797693135e+308,1.797693135e+308,3538.2,2895,0,1.797693135e+308,11:29:58,0,3232.6,1,3232.8,1,1.797693135e+308,0,1.797693135e+308,0,1.797693135e+308,0,1.797693135e+308,0,1.797693135e+308,0,1.797693135e+308,0,1.797693135e+308,0,1.797693135e+308,0,967352.8721,20160809
20160809,IF1608,,,3232.6,3216.6,3223,30029,3221,3233.6,3215,5161,4992510600,28086,1.797693135e+308,1.797693135e+308,3538.2,2895,0,1.797693135e+308,11:29:58,500,3232.2,1,3232.8,1,1.797693135e+308,0,1.797693135e+308,0,1.797693135e+308,0,1.797693135e+308,0,1.797693135e+308,0,1.797693135e+308,0,1.797693135e+308,0,1.797693135e+308,0,967353.3424,20160809
20160809,IF1608,,,3232.8,3216.6,3223,30029,3221,3233.6,3215,5162,4993480440,28087,1.797693135e+308,1.797693135e+308,3538.2,2895,0,1.797693135e+308,11:29:59,0,3232.2,1,3233,3,1.797693135e+308,0,1.797693135e+308,0,1.797693135e+308,0,1.797693135e+308,0,1.797693135e+308,0,1.797693135e+308,0,1.797693135e+308,0,1.797693135e+308,0,967353.8241,20160809
20160809,IF1608,,,3233.2,3216.6,3223,30029,3221,3233.6,3215,5166,4997360100,28086,1.797693135e+308,1.797693135e+308,3538.2,2895,0,1.797693135e+308,11:29:59,500,3233,2,3233.8,2,1.797693135e+308,0,1.797693135e+308,0,1.797693135e+308,0,1.797693135e+308,0,1.797693135e+308,0,1.797693135e+308,0,1.797693135e+308,0,1.797693135e+308,0,967355.8072,20160809
20160809,IF1608,,,3233.2,3216.6,3223,30029,3221,3233.6,3215,5166,4997360100,28086,1.797693135e+308,1.797693135e+308,3538.2,2895,0,1.797693135e+308,11:30:00,0,3233.6,1,3233.8,2,1.797693135e+308,0,1.797693135e+308,0,1.797693135e+308,0,1.797693135e+308,0,1.797693135e+308,0,1.797693135e+308,0,1.797693135e+308,0,1.797693135e+308,0,967355.8072,20160809
20160809,IF1608,,,3233.6,3216.6,3223,30029,3221,3233.6,3215,5167,4998330180,28085,1.797693135e+308,1.797693135e+308,3538.2,2895,0,1.797693135e+308,11:30:00,500,3233,2,3233.6,1,1.797693135e+308,0,1.797693135e+308,0,1.797693135e+308,0,1.797693135e+308,0,1.797693135e+308,0,1.797693135e+308,0,1.797693135e+308,0,1.797693135e+308,0,967356.3344,20160809
20160809,IF1608,,,3233.6,3216.6,3223,30029,3221,3233.6,3215,5167,4998330180,28085,1.797693135e+308,1.797693135e+308,3538.2,2895,0,1.797693135e+308,11:30:01,0,3233,2,3233.6,1,1.797693135e+308,0,1.797693135e+308,0,1.797693135e+308,0,1.797693135e+308,0,1.797693135e+308,0,1.797693135e+308,0,1.797693135e+308,0,1.797693135e+308,0,967356.3344,20160809
20160809,IF1608,,,3233.6,3216.6,3223,30029,3221,3233.6,3215,5169,5000270340,28083,1.797693135e+308,1.797693135e+308,3538.2,2895,0,1.797693135e+308,11:30:01,500,3232.6,1,3233.8,2,1.797693135e+308,0,1.797693135e+308,0,1.797693135e+308,0,1.797693135e+308,0,1.797693135e+308,0,1.797693135e+308,0,1.797693135e+308,0,1.797693135e+308,0,967357.3883,20160809
20160809,IF1608,,,3233.6,3216.6,3223,30029,3221,3233.6,3215,5169,5000270340,28083,1.797693135e+308,1.797693135e+308,3538.2,2895,0,1.797693135e+308,11:30:03,0,3232.6,2,3233.8,2,1.797693135e+308,0,1.797693135e+308,0,1.797693135e+308,0,1.797693135e+308,0,1.797693135e+308,0,1.797693135e+308,0,1.797693135e+308,0,1.797693135e+308,0,967357.3883,20160809
20160809,IF1608,,,3233.6,3216.6,3223,30029,3221,3233.6,3215,5169,5000270340,28083,1.797693135e+308,1.797693135e+308,3538.2,2895,0,1.797693135e+308,11:30:03,500,3232.6,2,3233.8,2,1.797693135e+308,0,1.797693135e+308,0,1.797693135e+308,0,1.797693135e+308,0,1.797693135e+308,0,1.797693135e+308,0,1.797693135e+308,0,1.797693135e+308,0,967357.3883,20160809
20160809,IF1608,,,3233.8,3216.6,3223,30029,3221,3233.8,3215,5170,5001240480,28084,1.797693135e+308,1.797693135e+308,3538.2,2895,0,1.797693135e+308,11:30:04,0,3232.8,1,3233.8,2,1.797693135e+308,0,1.797693135e+308,0,1.797693135e+308,0,1.797693135e+308,0,1.797693135e+308,0,1.797693135e+308,0,1.797693135e+308,0,1.797693135e+308,0,967357.9265,20160809
20160809,IF1608,,,3233.8,3216.6,3223,30029,3221,3233.8,3215,5172,5003180460,28084,1.797693135e+308,1.797693135e+308,3538.2,2895,0,1.797693135e+308,11:30:04,500,3232.6,2,3233.8,1,1.797693135e+308,0,1.797693135e+308,0,1.797693135e+308,0,1.797693135e+308,0,1.797693135e+308,0,1.797693135e+308,0,1.797693135e+308,0,1.797693135e+308,0,967358.9443,20160809
20160809,IF1608,,,3232.6,3216.6,3223,30029,3221,3233.8,3215,5173,5004150240,28085,1.797693135e+308,1.797693135e+308,3538.2,2895,0,1.797693135e+308,11:30:05,0,3232.6,1,3233.8,1,1.797693135e+308,0,1.797693135e+308,0,1.797693135e+308,0,1.797693135e+308,0,1.797693135e+308,0,1.797693135e+308,0,1.797693135e+308,0,1.797693135e+308,0,967359.4123,20160809
20160809,IF1608,,,3232.6,3216.6,3223,30029,3221,3233.8,3215,5173,5004150240,28085,1.797693135e+308,1.797693135e+308,3538.2,2895,0,1.797693135e+308,11:30:05,500,3232.8,2,3233.8,2,1.797693135e+308,0,1.797693135e+308,0,1.797693135e+308,0,1.797693135e+308,0,1.797693135e+308,0,1.797693135e+308,0,1.797693135e+308,0,1.797693135e+308,0,967359.4123,20160809
20160809,IF1608,,,3234.2,3216.6,3223,30029,3221,3234.2,3215,5183,5013851820,28086,1.797693135e+308,1.797693135e+308,3538.2,2895,0,1.797693135e+308,11:30:07,0,3232.6,1,3234.4,1,1.797693135e+308,0,1.797693135e+308,0,1.797693135e+308,0,1.797693135e+308,0,1.797693135e+308,0,1.797693135e+308,0,1.797693135e+308,0,1.797693135e+308,0,967364.8119,20160809
20160809,IF1608,,,3235,3216.6,3223,30029,3221,3235,3215,5206,5036172480,28104,1.797693135e+308,1.797693135e+308,3538.2,2895,0,1.797693135e+308,11:30:07,500,3233.4,2,3235,3,1.797693135e+308,0,1.797693135e+308,0,1.797693135e+308,0,1.797693135e+308,0,1.797693135e+308,0,1.797693135e+308,0,1.797693135e+308,0,1.797693135e+308,0,967378.5017,20160809
20160809,IF1608,,,3235,3216.6,3223,30029,3221,3235,3215,5207,5037142980,28104,1.797693135e+308,1.797693135e+308,3538.2,2895,0,1.797693135e+308,11:30:08,0,3233.6,1,3235,2,1.797693135e+308,0,1.797693135e+308,0,1.797693135e+308,0,1.797693135e+308,0,1.797693135e+308,0,1.797693135e+308,0,1.797693135e+308,0,1.797693135e+308,0,967379.1012,20160809
20160809,IF1608,,,3235,3216.6,3223,30029,3221,3235,3215,5207,5037142980,28104,1.797693135e+308,1.797693135e+308,3538.2,2895,0,1.797693135e+308,11:30:08,500,3233.8,2,3235,3,1.797693135e+308,0,1.797693135e+308,0,1.797693135e+308,0,1.797693135e+308,0,1.797693135e+308,0,1.797693135e+308,0,1.797693135e+308,0,1.797693135e+308,0,967379.1012,20160809
20160809,IF1608,,,3235,3216.6,3223,30029,3221,3235,3215,5207,5037142980,28104,1.797693135e+308,1.797693135e+308,3538.2,2895,0,1.797693135e+308,11:30:09,0,3234,1,3235,3,1.797693135e+308,0,1.797693135e+308,0,1.797693135e+308,0,1.797693135e+308,0,1.797693135e+308,0,1.797693135e+308,0,1.797693135e+308,0,1.797693135e+308,0,967379.1012,20160809
20160809,IF1608,,,3234.4,3216.6,3223,30029,3221,3235,3215,5208,5038113300,28104,1.797693135e+308,1.797693135e+308,3538.2,2895,0,1.797693135e+308,11:30:09,500,3234,2,3235,3,1.797693135e+308,0,1.797693135e+308,0,1.797693135e+308,0,1.797693135e+308,0,1.797693135e+308,0,1.797693135e+308,0,1.797693135e+308,0,1.797693135e+308,0,967379.6659,20160809
20160809,IF1608,,,3235,3216.6,3223,30029,3221,3235,3215,5209,5039083800,28105,1.797693135e+308,1.797693135e+308,3538.2,2895,0,1.797693135e+308,11:30:10,0,3234,1,3234.8,1,1.797693135e+308,0,1.797693135e+308,0,1.797693135e+308,0,1.797693135e+308,0,1.797693135e+308,0,1.797693135e+308,0,1.797693135e+308,0,1.797693135e+308,0,967380.2649,20160809
20160809,IF1608,,,3234,3216.6,3223,30029,3221,3235,3215,5212,5041995000,28106,1.797693135e+308,1.797693135e+308,3538.2,2895,0,1.797693135e+308,11:30:10,500,3233.8,1,3235,1,1.797693135e+308,0,1.797693135e+308,0,1.797693135e+308,0,1.797693135e+308,0,1.797693135e+308,0,1.797693135e+308,0,1.797693135e+308,0,1.797693135e+308,0,967382.0031,20160809
20160809,IF1608,,,3235,3216.6,3223,30029,3221,3235,3215,5213,5042965500,28105,1.797693135e+308,1.797693135e+308,3538.2,2895,0,1.797693135e+308,11:30:11,0,3234.8,1,3235.6,7,1.797693135e+308,0,1.797693135e+308,0,1.797693135e+308,0,1.797693135e+308,0,1.797693135e+308,0,1.797693135e+308,0,1.797693135e+308,0,1.797693135e+308,0,967382.6012,20160809
20160809,IF1608,,,3234.8,3216.6,3223,30029,3221,3235.6,3215,5216,5045877300,28105,1.797693135e+308,1.797693135e+308,3538.2,2895,0,1.797693135e+308,11:30:11,500,3233.8,1,3235.6,5,1.797693135e+308,0,1.797693135e+308,0,1.797693135e+308,0,1.797693135e+308,0,1.797693135e+308,0,1.797693135e+308,0,1.797693135e+308,0,1.797693135e+308,0,967384.4517,20160809
20160809,IF1608,,,3235.6,3216.6,3223,30029,3221,3235.6,3215,5218,5047818540,28107,1.797693135e+308,1.797693135e+308,3538.2,2895,0,1.797693135e+308,11:30:12,0,3233.8,1,3235,1,1.797693135e+308,0,1.797693135e+308,0,1.797693135e+308,0,1.797693135e+308,0,1.797693135e+308,0,1.797693135e+308,0,1.797693135e+308,0,1.797693135e+308,0,967385.6918,20160809
20160809,IF1608,,,3235,3216.6,3223,30029,3221,3235.6,3215,5220,5049759240,28106,1.797693135e+308,1.797693135e+308,3538.2,2895,0,1.797693135e+308,11:30:12,500,3234,1,3235.4,1,1.797693135e+308,0,1.797693135e+308,0,1.797693135e+308,0,1.797693135e+308,0,1.797693135e+308,0,1.797693135e+308,0,1.797693135e+308,0,1.797693135e+308,0,967386.8276,20160809
20160809,IF1608,,,3235,3216.6,3223,30029,3221,3235.6,3215,5220,5049759240,28106,1.797693135e+308,1.797693135e+308,3538.2,2895,0,1.797693135e+308,11:30:13,0,3235,1,3235.4,2,1.797693135e+308,0,1.797693135e+308,0,1.797693135e+308,0,1.797693135e+308,0,1.797693135e+308,0,1.797693135e+308,0,1.797693135e+308,0,1.797693135e+308,0,967386.8276,20160809
20160809,IF1608,,,3233.8,3216.6,3223,30029,3221,3235.6,3215,5223,5052670080,28106,1.797693135e+308,1.797693135e+308,3538.2,2895,0,1.797693135e+308,11:30:13,500,3233.6,1,3235,3,1.797693135e+308,0,1.797693135e+308,0,1.797693135e+308,0,1.797693135e+308,0,1.797693135e+308,0,1.797693135e+308,0,1.797693135e+308,0,1.797693135e+308,0,967388.4894,20160809
20160809,IF1608,,,3233.8,3216.6,3223,30029,3221,3235.6,3215,5224,5053640220,28105,1.797693135e+308,1.797693135e+308,3538.2,2895,0,1.797693135e+308,11:30:14,0,3233.8,1,3234.8,1,1.797693135e+308,0,1.797693135e+308,0,1.797693135e+308,0,1.797693135e+308,0,1.797693135e+308,0,1.797693135e+308,0,1.797693135e+308,0,1.797693135e+308,0,967389.0161,20160809
20160809,IF1608,,,3234.8,3216.6,3223,30029,3221,3235.6,3215,5225,5054610660,28105,1.797693135e+308,1.797693135e+308,3538.2,2895,0,1.797693135e+308,11:30:14,500,3233.8,1,3235,2,1.797693135e+308,0,1.797693135e+308,0,1.797693135e+308,0,1.797693135e+308,0,1.797693135e+308,0,1.797693135e+308,0,1.797693135e+308,0,1.797693135e+308,0,967389.6,20160809
20160809,IF1608,,,3234.8,3216.6,3223,30029,3221,3235.6,3215,5225,5054610660,28105,1.797693135e+308,1.797693135e+308,3538.2,2895,0,1.797693135e+308,11:30:15,500,3233.8,1,3235,6,1.797693135e+308,0,1.797693135e+308,0,1.797693135e+308,0,1.797693135e+308,0,1.797693135e+308,0,1.797693135e+308,0,1.797693135e+308,0,1.797693135e+308,0,967389.6,20160809
20160809,IF1608,,,3234.8,3216.6,3223,30029,3221,3235.6,3215,5225,5054610660,28105,1.797693135e+308,1.797693135e+308,3538.2,2895,0,1.797693135e+308,11:30:16,0,3233.8,1,3235,6,1.797693135e+308,0,1.797693135e+308,0,1.797693135e+308,0,1.797693135e+308,0,1.797693135e+308,0,1.797693135e+308,0,1.797693135e+308,0,1.797693135e+308,0,967389.6,20160809
20160809,IF1608,,,3234.8,3216.6,3223,30029,3221,3235.6,3215,5225,5054610660,28105,1.797693135e+308,1.797693135e+308,3538.2,2895,0,1.797693135e+308,11:30:16,500,3234,1,3235,6,1.797693135e+308,0,1.797693135e+308,0,1.797693135e+308,0,1.797693135e+308,0,1.797693135e+308,0,1.797693135e+308,0,1.797693135e+308,0,1.797693135e+308,0,967389.6,20160809
20160809,IF1608,,,3235,3216.6,3223,30029,3221,3235.6,3215,5226,5055581160,28106,1.797693135e+308,1.797693135e+308,3538.2,2895,0,1.797693135e+308,11:30:17,0,3234,1,3235,5,1.797693135e+308,0,1.797693135e+308,0,1.797693135e+308,0,1.797693135e+308,0,1.797693135e+308,0,1.797693135e+308,0,1.797693135e+308,0,1.797693135e+308,0,967390.1952,20160809
20160809,IF1608,,,3235,3216.6,3223,30029,3221,3235.6,3215,5226,5055581160,28106,1.797693135e+308,1.797693135e+308,3538.2,2895,0,1.797693135e+308,11:30:17,500,3234,1,3234.8,1,1.797693135e+308,0,1.797693135e+308,0,1.797693135e+308,0,1.797693135e+308,0,1.797693135e+308,0,1.797693135e+308,0,1.797693135e+308,0,1.797693135e+308,0,967390.1952,20160809
20160809,IF1608,,,3234.8,3216.6,3223,30029,3221,3235.6,3215,5227,5056551600,28107,1.797693135e+308,1.797693135e+308,3538.2,2895,0,1.797693135e+308,11:30:18,0,3234,1,3235,9,1.797693135e+308,0,1.797693135e+308,0,1.797693135e+308,0,1.797693135e+308,0,1.797693135e+308,0,1.797693135e+308,0,1.797693135e+308,0,1.797693135e+308,0,967390.7786,20160809
20160809,IF1608,,,3234.8,3216.6,3223,30029,3221,3235.6,3215,5227,5056551600,28107,1.797693135e+308,1.797693135e+308,3538.2,2895,0,1.797693135e+308,11:30:18,500,3234,1,3235,9,1.797693135e+308,0,1.797693135e+308,0,1.797693135e+308,0,1.797693135e+308,0,1.797693135e+308,0,1.797693135e+308,0,1.797693135e+308,0,1.797693135e+308,0,967390.7786,20160809
20160809,IF1608,,,3235,3216.6,3223,30029,3221,3235.6,3215,5228,5057522100,28107,1.797693135e+308,1.797693135e+308,3538.2,2895,0,1.797693135e+308,11:30:19,0,3234,1,3234.8,1,1.797693135e+308,0,1.797693135e+308,0,1.797693135e+308,0,1.797693135e+308,0,1.797693135e+308,0,1.797693135e+308,0,1.797693135e+308,0,1.797693135e+308,0,967391.3734,20160809
20160809,IF1608,,,3234.8,3216.6,3223,30029,3221,3235.6,3215,5229,5058492540,28107,1.797693135e+308,1.797693135e+308,3538.2,2895,0,1.797693135e+308,11:30:20,0,3234,1,3235,8,1.797693135e+308,0,1.797693135e+308,0,1.797693135e+308,0,1.797693135e+308,0,1.797693135e+308,0,1.797693135e+308,0,1.797693135e+308,0,1.797693135e+308,0,967391.9564,20160809
20160809,IF1608,,,3234.8,3216.6,3223,30029,3221,3235.6,3215,5229,5058492540,28107,1.797693135e+308,1.797693135e+308,3538.2,2895,0,1.797693135e+308,11:30:21,0,3234,1,3235,8,1.797693135e+308,0,1.797693135e+308,0,1.797693135e+308,0,1.797693135e+308,0,1.797693135e+308,0,1.797693135e+308,0,1.797693135e+308,0,1.797693135e+308,0,967391.9564,20160809
20160809,IF1608,,,3234.8,3216.6,3223,30029,3221,3235.6,3215,5229,5058492540,28107,1.797693135e+308,1.797693135e+308,3538.2,2895,0,1.797693135e+308,11:30:21,500,3234,1,3235,8,1.797693135e+308,0,1.797693135e+308,0,1.797693135e+308,0,1.797693135e+308,0,1.797693135e+308,0,1.797693135e+308,0,1.797693135e+308,0,1.797693135e+308,0,967391.9564,20160809
20160809,IF1608,,,3235,3216.6,3223,30029,3221,3235.6,3215,5230,5059463040,28107,1.797693135e+308,1.797693135e+308,3538.2,2895,0,1.797693135e+308,11:30:22,0,3234,1,3235,7,1.797693135e+308,0,1.797693135e+308,0,1.797693135e+308,0,1.797693135e+308,0,1.797693135e+308,0,1.797693135e+308,0,1.797693135e+308,0,1.797693135e+308,0,967392.5507,20160809
20160809,IF1608,,,3235,3216.6,3223,30029,3221,3235.6,3215,5231,5060433540,28107,1.797693135e+308,1.797693135e+308,3538.2,2895,0,1.797693135e+308,11:30:22,500,3234,1,3235,7,1.797693135e+308,0,1.797693135e+308,0,1.797693135e+308,0,1.797693135e+308,0,1.797693135e+308,0,1.797693135e+308,0,1.797693135e+308,0,1.797693135e+308,0,967393.1447,20160809
20160809,IF1608,,,3235,3216.6,3223,30029,3221,3235.6,3215,5231,5060433540,28107,1.797693135e+308,1.797693135e+308,3538.2,2895,0,1.797693135e+308,11:30:23,0,3234,1,3235,7,1.797693135e+308,0,1.797693135e+308,0,1.797693135e+308,0,1.797693135e+308,0,1.797693135e+308,0,1.797693135e+308,0,1.797693135e+308,0,1.797693135e+308,0,967393.1447,20160809
20160809,IF1608,,,3235,3216.6,3223,30029,3221,3235.6,3215,5231,5060433540,28107,1.797693135e+308,1.797693135e+308,3538.2,2895,0,1.797693135e+308,11:30:23,500,3234,1,3234.4,1,1.797693135e+308,0,1.797693135e+308,0,1.797693135e+308,0,1.797693135e+308,0,1.797693135e+308,0,1.797693135e+308,0,1.797693135e+308,0,1.797693135e+308,0,967393.1447,20160809
20160809,IF1608,,,3234.4,3216.6,3223,30029,3221,3235.6,3215,5233,5062374060,28107,1.797693135e+308,1.797693135e+308,3538.2,2895,0,1.797693135e+308,11:30:24,0,3234.2,1,3235,8,1.797693135e+308,0,1.797693135e+308,0,1.797693135e+308,0,1.797693135e+308,0,1.797693135e+308,0,1.797693135e+308,0,1.797693135e+308,0,1.797693135e+308,0,967394.2404,20160809
20160809,IF1608,,,3234.4,3216.6,3223,30029,3221,3235.6,3215,5233,5062374060,28107,1.797693135e+308,1.797693135e+308,3538.2,2895,0,1.797693135e+308,11:30:24,500,3234.2,1,3235,8,1.797693135e+308,0,1.797693135e+308,0,1.797693135e+308,0,1.797693135e+308,0,1.797693135e+308,0,1.797693135e+308,0,1.797693135e+308,0,1.797693135e+308,0,967394.2404,20160809
20160809,IF1608,,,3235,3216.6,3223,30029,3221,3235.6,3215,5234,5063344560,28107,1.797693135e+308,1.797693135e+308,3538.2,2895,0,1.797693135e+308,11:30:25,0,3234.2,2,3234.8,1,1.797693135e+308,0,1.797693135e+308,0,1.797693135e+308,0,1.797693135e+308,0,1.797693135e+308,0,1.797693135e+308,0,1.797693135e+308,0,1.797693135e+308,0,967394.8338,20160809
20160809,IF1608,,,3235,3216.6,3223,30029,3221,3235.6,3215,5236,5065285500,28108,1.797693135e+308,1.797693135e+308,3538.2,2895,0,1.797693135e+308,11:30:25,500,3234.2,2,3235,6,1.797693135e+308,0,1.797693135e+308,0,1.797693135e+308,0,1.797693135e+308,0,1.797693135e+308,0,1.797693135e+308,0,1.797693135e+308,0,1.797693135e+308,0,967396.0084,20160809
20160809,IF1608,,,3234.2,3216.6,3223,30029,3221,3235.6,3215,5237,5066255760,28108,1.797693135e+308,1.797693135e+308,3538.2,2895,0,1.797693135e+308,11:30:26,0,3234.4,1,3235,6,1.797693135e+308,0,1.797693135e+308,0,1.797693135e+308,0,1.797693135e+308,0,1.797693135e+308,0,1.797693135e+308,0,1.797693135e+308,0,1.797693135e+308,0,967396.5553,20160809
20160809,IF1608,,,3235,3216.6,3223,30029,3221,3235.6,3215,5238,5067226260,28108,1.797693135e+308,1.797693135e+308,3538.2,2895,0,1.797693135e+308,11:30:26,500,3234.2,1,3235,5,1.797693135e+308,0,1.797693135e+308,0,1.797693135e+308,0,1.797693135e+308,0,1.797693135e+308,0,1.797693135e+308,0,1.797693135e+308,0,1.797693135e+308,0,967397.1478,20160809
20160809,IF1608,,,3234.2,3216.6,3223,30029,3221,3235.6,3215,5239,5068196520,28107,1.797693135e+308,1.797693135e+308,3538.2,2895,0,1.797693135e+308,11:30:27,0,3233.8,3,3235,5,1.797693135e+308,0,1.797693135e+308,0,1.797693135e+308,0,1.797693135e+308,0,1.797693135e+308,0,1.797693135e+308,0,1.797693135e+308,0,1.797693135e+308,0,967397.6942,20160809
20160809,IF1608,,,3234.2,3216.6,3223,30029,3221,3235.6,3215,5239,5068196520,28107,1.797693135e+308,1.797693135e+308,3538.2,2895,0,1.797693135e+308,11:30:27,500,3233.8,3,3235,5,1.797693135e+308,0,1.797693135e+308,0,1.797693135e+308,0,1.797693135e+308,0,1.797693135e+308,0,1.797693135e+308,0,1.797693135e+308,0,1.797693135e+308,0,967397.6942,20160809
20160809,IF1608,,,3234.2,3216.6,3223,30029,3221,3235.6,3215,5239,5068196520,28107,1.797693135e+308,1.797693135e+308,3538.2,2895,0,1.797693135e+308,11:30:28,0,3233.8,2,3235,5,1.797693135e+308,0,1.797693135e+308,0,1.797693135e+308,0,1.797693135e+308,0,1.797693135e+308,0,1.797693135e+308,0,1.797693135e+308,0,1.797693135e+308,0,967397.6942,20160809
20160809,IF1608,,,3234.2,3216.6,3223,30029,3221,3235.6,3215,5239,5068196520,28107,1.797693135e+308,1.797693135e+308,3538.2,2895,0,1.797693135e+308,11:30:28,500,3234,1,3235,5,1.797693135e+308,0,1.797693135e+308,0,1.797693135e+308,0,1.797693135e+308,0,1.797693135e+308,0,1.797693135e+308,0,1.797693135e+308,0,1.797693135e+308,0,967397.6942,20160809
20160809,IF1608,,,3235,3216.6,3223,30029,3221,3235.6,3215,5240,5069167020,28107,1.797693135e+308,1.797693135e+308,3538.2,2895,0,1.797693135e+308,11:30:29,0,3234,1,3235,4,1.797693135e+308,0,1.797693135e+308,0,1.797693135e+308,0,1.797693135e+308,0,1.797693135e+308,0,1.797693135e+308,0,1.797693135e+308,0,1.797693135e+308,0,967398.2863,20160809
20160809,IF1608,,,3235,3216.6,3223,30029,3221,3235.6,3215,5240,5069167020,28107,1.797693135e+308,1.797693135e+308,3538.2,2895,0,1.797693135e+308,11:30:29,500,3234,1,3235,4,1.797693135e+308,0,1.797693135e+308,0,1.797693135e+308,0,1.797693135e+308,0,1.797693135e+308,0,1.797693135e+308,0,1.797693135e+308,0,1.797693135e+308,0,967398.2863,20160809
20160809,IF1608,,,3235,3216.6,3223,30029,3221,3235.6,3215,5240,5069167020,28107,1.797693135e+308,1.797693135e+308,3538.2,2895,0,1.797693135e+308,11:30:30,0,3234,1,3235,4,1.797693135e+308,0,1.797693135e+308,0,1.797693135e+308,0,1.797693135e+308,0,1.797693135e+308,0,1.797693135e+308,0,1.797693135e+308,0,1.797693135e+308,0,967398.2863,20160809
20160809,IF1608,,,3235,3216.6,3223,30029,3221,3235.6,3215,5241,5070137520,28108,1.797693135e+308,1.797693135e+308,3538.2,2895,0,1.797693135e+308,11:30:30,500,3234,1,3235,3,1.797693135e+308,0,1.797693135e+308,0,1.797693135e+308,0,1.797693135e+308,0,1.797693135e+308,0,1.797693135e+308,0,1.797693135e+308,0,1.797693135e+308,0,967398.8781,20160809
20160809,IF1608,,,3235,3216.6,3223,30029,3221,3235.6,3215,5241,5070137520,28108,1.797693135e+308,1.797693135e+308,3538.2,2895,0,1.797693135e+308,11:30:31,0,3234.2,1,3235,3,1.797693135e+308,0,1.797693135e+308,0,1.797693135e+308,0,1.797693135e+308,0,1.797693135e+308,0,1.797693135e+308,0,1.797693135e+308,0,1.797693135e+308,0,967398.8781,20160809
20160809,IF1608,,,3235,3216.6,3223,30029,3221,3235.6,3215,5241,5070137520,28108,1.797693135e+308,1.797693135e+308,3538.2,2895,0,1.797693135e+308,11:30:31,500,3234.2,1,3235,3,1.797693135e+308,0,1.797693135e+308,0,1.797693135e+308,0,1.797693135e+308,0,1.797693135e+308,0,1.797693135e+308,0,1.797693135e+308,0,1.797693135e+308,0,967398.8781,20160809
20160809,IF1608,,,3235,3216.6,3223,30029,3221,3235.6,3215,5241,5070137520,28108,1.797693135e+308,1.797693135e+308,3538.2,2895,0,1.797693135e+308,11:30:32,0,3234.2,1,3234.6,1,1.797693135e+308,0,1.797693135e+308,0,1.797693135e+308,0,1.797693135e+308,0,1.797693135e+308,0,1.797693135e+308,0,1.797693135e+308,0,1.797693135e+308,0,967398.8781,20160809
20160809,IF1608,,,3235,3216.6,3223,30029,3221,3235.6,3215,5242,5071108020,28109,1.797693135e+308,1.797693135e+308,3538.2,2895,0,1.797693135e+308,11:30:32,500,3234.2,1,3235,3,1.797693135e+308,0,1.797693135e+308,0,1.797693135e+308,0,1.797693135e+308,0,1.797693135e+308,0,1.797693135e+308,0,1.797693135e+308,0,1.797693135e+308,0,967399.4697,20160809
20160809,IF1608,,,3235,3216.6,3223,30029,3221,3235.6,3215,5242,5071108020,28109,1.797693135e+308,1.797693135e+308,3538.2,2895,0,1.797693135e+308,11:30:33,500,3234,1,3235,3,1.797693135e+308,0,1.797693135e+308,0,1.797693135e+308,0,1.797693135e+308,0,1.797693135e+308,0,1.797693135e+308,0,1.797693135e+308,0,1.797693135e+308,0,967399.4697,20160809
20160809,IF1608,,,3234,3216.6,3223,30029,3221,3235.6,3215,5243,5072078220,28109,1.797693135e+308,1.797693135e+308,3538.2,2895,0,1.797693135e+308,11:30:34,0,3234,1,3235,3,1.797693135e+308,0,1.797693135e+308,0,1.797693135e+308,0,1.797693135e+308,0,1.797693135e+308,0,1.797693135e+308,0,1.797693135e+308,0,1.797693135e+308,0,967400.0038,20160809
20160809,IF1608,,,3235,3216.6,3223,30029,3221,3235.6,3215,5244,5073048720,28110,1.797693135e+308,1.797693135e+308,3538.2,2895,0,1.797693135e+308,11:30:34,500,3234.2,1,3235,2,1.797693135e+308,0,1.797693135e+308,0,1.797693135e+308,0,1.797693135e+308,0,1.797693135e+308,0,1.797693135e+308,0,1.797693135e+308,0,1.797693135e+308,0,967400.595,20160809
20160809,IF1608,,,3235,3216.6,3223,30029,3221,3235.6,3215,5244,5073048720,28110,1.797693135e+308,1.797693135e+308,3538.2,2895,0,1.797693135e+308,11:30:35,0,3234.2,1,3235,2,1.797693135e+308,0,1.797693135e+308,0,1.797693135e+308,0,1.797693135e+308,0,1.797693135e+308,0,1.797693135e+308,0,1.797693135e+308,0,1.797693135e+308,0,967400.595,20160809
20160809,IF1608,,,3235,3216.6,3223,30029,3221,3235.6,3215,5244,5073048720,28110,1.797693135e+308,1.797693135e+308,3538.2,2895,0,1.797693135e+308,11:30:35,500,3234.2,1,3235,3,1.797693135e+308,0,1.797693135e+308,0,1.797693135e+308,0,1.797693135e+308,0,1.797693135e+308,0,1.797693135e+308,0,1.797693135e+308,0,1.797693135e+308,0,967400.595,20160809
20160809,IF1608,,,3235,3216.6,3223,30029,3221,3235.6,3215,5244,5073048720,28110,1.797693135e+308,1.797693135e+308,3538.2,2895,0,1.797693135e+308,11:30:36,0,3234.2,1,3235,3,1.797693135e+308,0,1.797693135e+308,0,1.797693135e+308,0,1.797693135e+308,0,1.797693135e+308,0,1.797693135e+308,0,1.797693135e+308,0,1.797693135e+308,0,967400.595,20160809
20160809,IF1608,,,3235,3216.6,3223,30029,3221,3235.6,3215,5244,5073048720,28110,1.797693135e+308,1.797693135e+308,3538.2,2895,0,1.797693135e+308,11:30:36,500,3234.2,1,3235,4,1.797693135e+308,0,1.797693135e+308,0,1.797693135e+308,0,1.797693135e+308,0,1.797693135e+308,0,1.797693135e+308,0,1.797693135e+308,0,1.797693135e+308,0,967400.595,20160809
20160809,IF1608,,,3235,3216.6,3223,30029,3221,3235.6,3215,5244,5073048720,28110,1.797693135e+308,1.797693135e+308,3538.2,2895,0,1.797693135e+308,11:30:36,500,3234.2,1,3235,4,1.797693135e+308,0,1.797693135e+308,0,1.797693135e+308,0,1.797693135e+308,0,1.797693135e+308,0,1.797693135e+308,0,1.797693135e+308,0,1.797693135e+308,0,967400.595,20160809
