20160809,IF1703,,,3111,3098.4,3103,780,3108.2,3119,3103,72,67143000,778,1.797693135e+308,1.797693135e+308,3408.2,2788.6,0,1.797693135e+308,11:28:38,0,3110.6,1,3114.2,1,1.797693135e+308,0,1.797693135e+308,0,1.797693135e+308,0,1.797693135e+308,0,1.797693135e+308,0,1.797693135e+308,0,1.797693135e+308,0,1.797693135e+308,0,932541.6667,20160809
20160809,IF1703,,,3111,3098.4,3103,780,3108.2,3119,3103,72,67143000,778,1.797693135e+308,1.797693135e+308,3408.2,2788.6,0,1.797693135e+308,11:29:20,0,3110.6,1,3117.4,1,1.797693135e+308,0,1.797693135e+308,0,1.797693135e+308,0,1.797693135e+308,0,1.797693135e+308,0,1.797693135e+308,0,1.797693135e+308,0,1.797693135e+308,0,932541.6667,20160809
20160809,IF1703,,,3111,3098.4,3103,780,3108.2,3119,3103,72,67143000,778,1.797693135e+308,1.797693135e+308,3408.2,2788.6,0,1.797693135e+308,11:29:20,500,3110.6,1,3114.6,1,1.797693135e+308,0,1.797693135e+308,0,1.797693135e+308,0,1.797693135e+308,0,1.797693135e+308,0,1.797693135e+308,0,1.797693135e+308,0,1.797693135e+308,0,932541.6667,20160809
20160809,IF1703,,,3111,3098.4,3103,780,3108.2,3119,3103,72,67143000,778,1.797693135e+308,1.797693135e+308,3408.2,2788.6,0,1.797693135e+308,11:29:22,500,3110.6,1,3117.4,1,1.797693135e+308,0,1.797693135e+308,0,1.797693135e+308,0,1.797693135e+308,0,1.797693135e+308,0,1.797693135e+308,0,1.797693135e+308,0,1.797693135e+308,0,932541.6667,20160809
20160809,IF1703,,,3111,3098.4,3103,780,3108.2,3119,3103,72,67143000,778,1.797693135e+308,1.797693135e+308,3408.2,2788.6,0,1.797693135e+308,11:29:23,0,3110.8,1,3115.6,1,1.797693135e+308,0,1.797693135e+308,0,1.797693135e+308,0,1.797693135e+308,0,1.797693135e+308,0,1.797693135e+308,0,1.797693135e+308,0,1.797693135e+308,0,932541.6667,20160809
20160809,IF1703,,,3111,3098.4,3103,780,3108.2,3119,3103,72,67143000,778,1.797693135e+308,1.797693135e+308,3408.2,2788.6,0,1.797693135e+308,11:29:23,500,3111,1,3115.6,1,1.797693135e+308,0,1.797693135e+308,0,1.797693135e+308,0,1.797693135e+308,0,1.797693135e+308,0,1.797693135e+308,0,1.797693135e+308,0,1.797693135e+308,0,932541.6667,20160809
20160809,IF1703,,,3111,3098.4,3103,780,3108.2,3119,3103,72,67143000,778,1.797693135e+308,1.797693135e+308,3408.2,2788.6,0,1.797693135e+308,11:29:24,0,3111.2,1,3118,1,1.797693135e+308,0,1.797693135e+308,0,1.797693135e+308,0,1.797693135e+308,0,1.797693135e+308,0,1.797693135e+308,0,1.797693135e+308,0,1.797693135e+308,0,932541.6667,20160809
20160809,IF1703,,,3111,3098.4,3103,780,3108.2,3119,3103,72,67143000,778,1.797693135e+308,1.797693135e+308,3408.2,2788.6,0,1.797693135e+308,11:29:24,500,3111.4,1,3116.4,1,1.797693135e+308,0,1.797693135e+308,0,1.797693135e+308,0,1.797693135e+308,0,1.797693135e+308,0,1.797693135e+308,0,1.797693135e+308,0,1.797693135e+308,0,932541.6667,20160809
20160809,IF1703,,,3111,3098.4,3103,780,3108.2,3119,3103,72,67143000,778,1.797693135e+308,1.797693135e+308,3408.2,2788.6,0,1.797693135e+308,11:29:26,0,3111.6,1,3116.4,1,1.797693135e+308,0,1.797693135e+308,0,1.797693135e+308,0,1.797693135e+308,0,1.797693135e+308,0,1.797693135e+308,0,1.797693135e+308,0,1.797693135e+308,0,932541.6667,20160809
20160809,IF1703,,,3111,3098.4,3103,780,3108.2,3119,3103,72,67143000,778,1.797693135e+308,1.797693135e+308,3408.2,2788.6,0,1.797693135e+308,11:29:26,500,3111.8,1,3116.4,1,1.797693135e+308,0,1.797693135e+308,0,1.797693135e+308,0,1.797693135e+308,0,1.797693135e+308,0,1.797693135e+308,0,1.797693135e+308,0,1.797693135e+308,0,932541.6667,20160809
20160809,IF1703,,,3111,3098.4,3103,780,3108.2,3119,3103,72,67143000,778,1.797693135e+308,1.797693135e+308,3408.2,2788.6,0,1.797693135e+308,11:29:31,0,3112,1,3116.4,1,1.797693135e+308,0,1.797693135e+308,0,1.797693135e+308,0,1.797693135e+308,0,1.797693135e+308,0,1.797693135e+308,0,1.797693135e+308,0,1.797693135e+308,0,932541.6667,20160809
20160809,IF1703,,,3111,3098.4,3103,780,3108.2,3119,3103,72,67143000,778,1.797693135e+308,1.797693135e+308,3408.2,2788.6,0,1.797693135e+308,11:29:31,500,3112.2,1,3116.4,1,1.797693135e+308,0,1.797693135e+308,0,1.797693135e+308,0,1.797693135e+308,0,1.797693135e+308,0,1.797693135e+308,0,1.797693135e+308,0,1.797693135e+308,0,932541.6667,20160809
20160809,IF1703,,,3111,3098.4,3103,780,3108.2,3119,3103,72,67143000,778,1.797693135e+308,1.797693135e+308,3408.2,2788.6,0,1.797693135e+308,11:29:32,0,3112.2,1,3116.4,1,1.797693135e+308,0,1.797693135e+308,0,1.797693135e+308,0,1.797693135e+308,0,1.797693135e+308,0,1.797693135e+308,0,1.797693135e+308,0,1.797693135e+308,0,932541.6667,20160809
20160809,IF1703,,,3111,3098.4,3103,780,3108.2,3119,3103,72,67143000,778,1.797693135e+308,1.797693135e+308,3408.2,2788.6,0,1.797693135e+308,11:29:33,0,3112.4,1,3116.4,1,1.797693135e+308,0,1.797693135e+308,0,1.797693135e+308,0,1.797693135e+308,0,1.797693135e+308,0,1.797693135e+308,0,1.797693135e+308,0,1.797693135e+308,0,932541.6667,20160809
20160809,IF1703,,,3111,3098.4,3103,780,3108.2,3119,3103,72,67143000,778,1.797693135e+308,1.797693135e+308,3408.2,2788.6,0,1.797693135e+308,11:29:34,0,3112.6,1,3116.4,1,1.797693135e+308,0,1.797693135e+308,0,1.797693135e+308,0,1.797693135e+308,0,1.797693135e+308,0,1.797693135e+308,0,1.797693135e+308,0,1.797693135e+308,0,932541.6667,20160809
20160809,IF1703,,,3111,3098.4,3103,780,3108.2,3119,3103,72,67143000,778,1.797693135e+308,1.797693135e+308,3408.2,2788.6,0,1.797693135e+308,11:29:35,0,3112.6,1,3116.4,1,1.797693135e+308,0,1.797693135e+308,0,1.797693135e+308,0,1.797693135e+308,0,1.797693135e+308,0,1.797693135e+308,0,1.797693135e+308,0,1.797693135e+308,0,932541.6667,20160809
20160809,IF1703,,,3111,3098.4,3103,780,3108.2,3119,3103,72,67143000,778,1.797693135e+308,1.797693135e+308,3408.2,2788.6,0,1.797693135e+308,11:29:41,0,3112.6,1,3116.4,1,1.797693135e+308,0,1.797693135e+308,0,1.797693135e+308,0,1.797693135e+308,0,1.797693135e+308,0,1.797693135e+308,0,1.797693135e+308,0,1.797693135e+308,0,932541.6667,20160809
20160809,IF1703,,,3111,3098.4,3103,780,3108.2,3119,3103,72,67143000,778,1.797693135e+308,1.797693135e+308,3408.2,2788.6,0,1.797693135e+308,11:30:07,500,3112.6,1,3118,1,1.797693135e+308,0,1.797693135e+308,0,1.797693135e+308,0,1.797693135e+308,0,1.797693135e+308,0,1.797693135e+308,0,1.797693135e+308,0,1.797693135e+308,0,932541.6667,20160809
20160809,IF1703,,,3111,3098.4,3103,780,3108.2,3119,3103,72,67143000,778,1.797693135e+308,1.797693135e+308,3408.2,2788.6,0,1.797693135e+308,11:30:08,0,3112.6,1,3117.4,1,1.797693135e+308,0,1.797693135e+308,0,1.797693135e+308,0,1.797693135e+308,0,1.797693135e+308,0,1.797693135e+308,0,1.797693135e+308,0,1.797693135e+308,0,932541.6667,20160809
20160809,IF1703,,,3111,3098.4,3103,780,3108.2,3119,3103,72,67143000,778,1.797693135e+308,1.797693135e+308,3408.2,2788.6,0,1.797693135e+308,11:30:10,0,3112.8,1,3117.4,1,1.797693135e+308,0,1.797693135e+308,0,1.797693135e+308,0,1.797693135e+308,0,1.797693135e+308,0,1.797693135e+308,0,1.797693135e+308,0,1.797693135e+308,0,932541.6667,20160809
20160809,IF1703,,,3111,3098.4,3103,780,3108.2,3119,3103,72,67143000,778,1.797693135e+308,1.797693135e+308,3408.2,2788.6,0,1.797693135e+308,11:30:10,500,3113,1,3117.4,1,1.797693135e+308,0,1.797693135e+308,0,1.797693135e+308,0,1.797693135e+308,0,1.797693135e+308,0,1.797693135e+308,0,1.797693135e+308,0,1.797693135e+308,0,932541.6667,20160809
20160809,IF1703,,,3111,3098.4,3103,780,3108.2,3119,3103,72,67143000,778,1.797693135e+308,1.797693135e+308,3408.2,2788.6,0,1.797693135e+308,11:30:11,500,3113.2,1,3118,1,1.797693135e+308,0,1.797693135e+308,0,1.797693135e+308,0,1.797693135e+308,0,1.797693135e+308,0,1.797693135e+308,0,1.797693135e+308,0,1.797693135e+308,0,932541.6667,20160809
20160809,IF1703,,,3111,3098.4,3103,780,3108.2,3119,3103,72,67143000,778,1.797693135e+308,1.797693135e+308,3408.2,2788.6,0,1.797693135e+308,11:30:12,0,3113.4,1,3118,1,1.797693135e+308,0,1.797693135e+308,0,1.797693135e+308,0,1.797693135e+308,0,1.797693135e+308,0,1.797693135e+308,0,1.797693135e+308,0,1.797693135e+308,0,932541.6667,20160809
20160809,IF1703,,,3111,3098.4,3103,780,3108.2,3119,3103,72,67143000,778,1.797693135e+308,1.797693135e+308,3408.2,2788.6,0,1.797693135e+308,11:30:12,500,3113.4,1,3117.4,1,1.797693135e+308,0,1.797693135e+308,0,1.797693135e+308,0,1.797693135e+308,0,1.797693135e+308,0,1.797693135e+308,0,1.797693135e+308,0,1.797693135e+308,0,932541.6667,20160809
20160809,IF1703,,,3111,3098.4,3103,780,3108.2,3119,3103,72,67143000,778,1.797693135e+308,1.797693135e+308,3408.2,2788.6,0,1.797693135e+308,11:30:13,0,3113.4,1,3118,1,1.797693135e+308,0,1.797693135e+308,0,1.797693135e+308,0,1.797693135e+308,0,1.797693135e+308,0,1.797693135e+308,0,1.797693135e+308,0,1.797693135e+308,0,932541.6667,20160809
20160809,IF1703,,,3111,3098.4,3103,780,3108.2,3119,3103,72,67143000,778,1.797693135e+308,1.797693135e+308,3408.2,2788.6,0,1.797693135e+308,11:30:13,500,3113.4,1,3117.8,1,1.797693135e+308,0,1.797693135e+308,0,1.797693135e+308,0,1.797693135e+308,0,1.797693135e+308,0,1.797693135e+308,0,1.797693135e+308,0,1.797693135e+308,0,932541.6667,20160809
20160809,IF1703,,,3111,3098.4,3103,780,3108.2,3119,3103,72,67143000,778,1.797693135e+308,1.797693135e+308,3408.2,2788.6,0,1.797693135e+308,11:30:16,0,3113.6,1,3117.8,1,1.797693135e+308,0,1.797693135e+308,0,1.797693135e+308,0,1.797693135e+308,0,1.797693135e+308,0,1.797693135e+308,0,1.797693135e+308,0,1.797693135e+308,0,932541.6667,20160809
20160809,IF1703,,,3111,3098.4,3103,780,3108.2,3119,3103,72,67143000,778,1.797693135e+308,1.797693135e+308,3408.2,2788.6,0,1.797693135e+308,11:30:17,500,3113.8,1,3117.8,1,1.797693135e+308,0,1.797693135e+308,0,1.797693135e+308,0,1.797693135e+308,0,1.797693135e+308,0,1.797693135e+308,0,1.797693135e+308,0,1.797693135e+308,0,932541.6667,20160809
20160809,IF1703,,,3111,3098.4,3103,780,3108.2,3119,3103,72,67143000,778,1.797693135e+308,1.797693135e+308,3408.2,2788.6,0,1.797693135e+308,11:30:20,0,3113.8,1,3117.8,1,1.797693135e+308,0,1.797693135e+308,0,1.797693135e+308,0,1.797693135e+308,0,1.797693135e+308,0,1.797693135e+308,0,1.797693135e+308,0,1.797693135e+308,0,932541.6667,20160809
20160809,IF1703,,,3111,3098.4,3103,780,3108.2,3119,3103,72,67143000,778,1.797693135e+308,1.797693135e+308,3408.2,2788.6,0,1.797693135e+308,11:30:26,500,3113.8,1,3118,1,1.797693135e+308,0,1.797693135e+308,0,1.797693135e+308,0,1.797693135e+308,0,1.797693135e+308,0,1.797693135e+308,0,1.797693135e+308,0,1.797693135e+308,0,932541.6667,20160809
20160809,IF1703,,,3111,3098.4,3103,780,3108.2,3119,3103,72,67143000,778,1.797693135e+308,1.797693135e+308,3408.2,2788.6,0,1.797693135e+308,11:30:31,0,3107,1,3118,1,1.797693135e+308,0,1.797693135e+308,0,1.797693135e+308,0,1.797693135e+308,0,1.797693135e+308,0,1.797693135e+308,0,1.797693135e+308,0,1.797693135e+308,0,932541.6667,20160809
20160809,IF1703,,,3111,3098.4,3103,780,3108.2,3119,3103,72,67143000,778,1.797693135e+308,1.797693135e+308,3408.2,2788.6,0,1.797693135e+308,11:30:31,500,3107,1,3118,1,1.797693135e+308,0,1.797693135e+308,0,1.797693135e+308,0,1.797693135e+308,0,1.797693135e+308,0,1.797693135e+308,0,1.797693135e+308,0,1.797693135e+308,0,932541.6667,20160809
20160809,IF1703,,,3111,3098.4,3103,780,3108.2,3119,3103,72,67143000,778,1.797693135e+308,1.797693135e+308,3408.2,2788.6,0,1.797693135e+308,11:30:34,0,3107,1,3118,1,1.797693135e+308,0,1.797693135e+308,0,1.797693135e+308,0,1.797693135e+308,0,1.797693135e+308,0,1.797693135e+308,0,1.797693135e+308,0,1.797693135e+308,0,932541.6667,20160809
20160809,IF1703,,,3111,3098.4,3103,780,3108.2,3119,3103,72,67143000,778,1.797693135e+308,1.797693135e+308,3408.2,2788.6,0,1.797693135e+308,11:30:34,0,3107,1,3118,1,1.797693135e+308,0,1.797693135e+308,0,1.797693135e+308,0,1.797693135e+308,0,1.797693135e+308,0,1.797693135e+308,0,1.797693135e+308,0,1.797693135e+308,0,932541.6667,20160809
