20160809,TF1609,,,101.79,101.71,101.73,17019,101.755,101.85,101.72,3823,3891451150,16553,1.797693135e+308,1.797693135e+308,102.93,100.49,0,1.797693135e+308,11:28:54,0,101.78,8,101.79,18,1.797693135e+308,0,1.797693135e+308,0,1.797693135e+308,0,1.797693135e+308,0,1.797693135e+308,0,1.797693135e+308,0,1.797693135e+308,0,1.797693135e+308,0,1017905.088,20160809
20160809,TF1609,,,101.79,101.71,101.73,17019,101.755,101.85,101.72,3823,3891451150,16553,1.797693135e+308,1.797693135e+308,102.93,100.49,0,1.797693135e+308,11:29:15,500,101.78,10,101.79,18,1.797693135e+308,0,1.797693135e+308,0,1.797693135e+308,0,1.797693135e+308,0,1.797693135e+308,0,1.797693135e+308,0,1.797693135e+308,0,1.797693135e+308,0,1017905.088,20160809
20160809,TF1609,,,101.79,101.71,101.73,17019,101.755,101.85,101.72,3823,3891451150,16553,1.797693135e+308,1.797693135e+308,102.93,100.49,0,1.797693135e+308,11:29:16,0,101.78,10,101.79,18,1.797693135e+308,0,1.797693135e+308,0,1.797693135e+308,0,1.797693135e+308,0,1.797693135e+308,0,1.797693135e+308,0,1.797693135e+308,0,1.797693135e+308,0,1017905.088,20160809
20160809,TF1609,,,101.79,101.71,101.73,17019,101.755,101.85,101.72,3823,3891451150,16553,1.797693135e+308,1.797693135e+308,102.93,100.49,0,1.797693135e+308,11:29:38,500,101.78,10,101.79,18,1.797693135e+308,0,1.797693135e+308,0,1.797693135e+308,0,1.797693135e+308,0,1.797693135e+308,0,1.797693135e+308,0,1.797693135e+308,0,1.797693135e+308,0,1017905.088,20160809
20160809,TF1609,,,101.79,101.71,101.73,17019,101.755,101.85,101.72,3823,3891451150,16553,1.797693135e+308,1.797693135e+308,102.93,100.49,0,1.797693135e+308,11:29:39,0,101.78,8,101.79,18,1.797693135e+308,0,1.797693135e+308,0,1.797693135e+308,0,1.797693135e+308,0,1.797693135e+308,0,1.797693135e+308,0,1.797693135e+308,0,1.797693135e+308,0,1017905.088,20160809
20160809,TF1609,,,101.79,101.71,101.73,17019,101.755,101.85,101.72,3823,3891451150,16553,1.797693135e+308,1.797693135e+308,102.93,100.49,0,1.797693135e+308,11:29:39,500,101.78,8,101.79,18,1.797693135e+308,0,1.797693135e+308,0,1.797693135e+308,0,1.797693135e+308,0,1.797693135e+308,0,1.797693135e+308,0,1.797693135e+308,0,1.797693135e+308,0,1017905.088,20160809
20160809,TF1609,,,101.78,101.71,101.73,17019,101.755,101.85,101.72,3829,3897558350,16550,1.797693135e+308,1.797693135e+308,102.93,100.49,0,1.797693135e+308,11:30:07,0,101.78,6,101.79,14,1.797693135e+308,0,1.797693135e+308,0,1.797693135e+308,0,1.797693135e+308,0,1.797693135e+308,0,1.797693135e+308,0,1.797693135e+308,0,1.797693135e+308,0,1017905.027,20160809
20160809,TF1609,,,101.78,101.71,101.73,17019,101.755,101.85,101.72,3833,3901629550,16548,1.797693135e+308,1.797693135e+308,102.93,100.49,0,1.797693135e+308,11:30:07,500,101.78,12,101.79,14,1.797693135e+308,0,1.797693135e+308,0,1.797693135e+308,0,1.797693135e+308,0,1.797693135e+308,0,1.797693135e+308,0,1.797693135e+308,0,1.797693135e+308,0,1017904.918,20160809
20160809,TF1609,,,101.78,101.71,101.73,17019,101.755,101.85,101.72,3833,3901629550,16548,1.797693135e+308,1.797693135e+308,102.93,100.49,0,1.797693135e+308,11:30:08,0,101.78,12,101.79,14,1.797693135e+308,0,1.797693135e+308,0,1.797693135e+308,0,1.797693135e+308,0,1.797693135e+308,0,1.797693135e+308,0,1.797693135e+308,0,1.797693135e+308,0,1017904.918,20160809
20160809,TF1609,,,101.78,101.71,101.73,17019,101.755,101.85,101.72,3833,3901629550,16548,1.797693135e+308,1.797693135e+308,102.93,100.49,0,1.797693135e+308,11:30:08,500,101.78,12,101.79,14,1.797693135e+308,0,1.797693135e+308,0,1.797693135e+308,0,1.797693135e+308,0,1.797693135e+308,0,1.797693135e+308,0,1.797693135e+308,0,1.797693135e+308,0,1017904.918,20160809
20160809,TF1609,,,101.78,101.71,101.73,17019,101.755,101.85,101.72,3833,3901629550,16548,1.797693135e+308,1.797693135e+308,102.93,100.49,0,1.797693135e+308,11:30:09,0,101.78,12,101.79,14,1.797693135e+308,0,1.797693135e+308,0,1.797693135e+308,0,1.797693135e+308,0,1.797693135e+308,0,1.797693135e+308,0,1.797693135e+308,0,1.797693135e+308,0,1017904.918,20160809
20160809,TF1609,,,101.78,101.71,101.73,17019,101.755,101.85,101.72,3833,3901629550,16548,1.797693135e+308,1.797693135e+308,102.93,100.49,0,1.797693135e+308,11:30:12,500,101.78,3,101.79,14,1.797693135e+308,0,1.797693135e+308,0,1.797693135e+308,0,1.797693135e+308,0,1.797693135e+308,0,1.797693135e+308,0,1.797693135e+308,0,1.797693135e+308,0,1017904.918,20160809
20160809,TF1609,,,101.78,101.71,101.73,17019,101.755,101.85,101.72,3833,3901629550,16548,1.797693135e+308,1.797693135e+308,102.93,100.49,0,1.797693135e+308,11:30:13,0,101.78,3,101.79,14,1.797693135e+308,0,1.797693135e+308,0,1.797693135e+308,0,1.797693135e+308,0,1.797693135e+308,0,1.797693135e+308,0,1.797693135e+308,0,1.797693135e+308,0,1017904.918,20160809
20160809,TF1609,,,101.79,101.71,101.73,17019,101.755,101.85,101.72,3834,3902647450,16547,1.797693135e+308,1.797693135e+308,102.93,100.49,0,1.797693135e+308,11:30:28,0,101.78,2,101.79,13,1.797693135e+308,0,1.797693135e+308,0,1.797693135e+308,0,1.797693135e+308,0,1.797693135e+308,0,1.797693135e+308,0,1.797693135e+308,0,1.797693135e+308,0,1017904.917,20160809
20160809,TF1609,,,101.78,101.71,101.73,17019,101.755,101.85,101.72,3836,3904683050,16546,1.797693135e+308,1.797693135e+308,102.93,100.49,0,1.797693135e+308,11:30:28,500,101.775,14,101.78,3,1.797693135e+308,0,1.797693135e+308,0,1.797693135e+308,0,1.797693135e+308,0,1.797693135e+308,0,1.797693135e+308,0,1.797693135e+308,0,1.797693135e+308,0,1017904.862,20160809
20160809,TF1609,,,101.79,101.71,101.73,17019,101.755,101.85,101.72,3842,3910790050,16546,1.797693135e+308,1.797693135e+308,102.93,100.49,0,1.797693135e+308,11:30:29,0,101.78,5,101.79,10,1.797693135e+308,0,1.797693135e+308,0,1.797693135e+308,0,1.797693135e+308,0,1.797693135e+308,0,1.797693135e+308,0,1.797693135e+308,0,1.797693135e+308,0,1017904.75,20160809
20160809,TF1609,,,101.78,101.71,101.73,17019,101.755,101.85,101.72,3843,3911807850,16545,1.797693135e+308,1.797693135e+308,102.93,100.49,0,1.797693135e+308,11:30:29,500,101.78,2,101.79,10,1.797693135e+308,0,1.797693135e+308,0,1.797693135e+308,0,1.797693135e+308,0,1.797693135e+308,0,1.797693135e+308,0,1.797693135e+308,0,1.797693135e+308,0,1017904.723,20160809
20160809,TF1609,,,101.78,101.71,101.73,17019,101.755,101.85,101.72,3843,3911807850,16545,1.797693135e+308,1.797693135e+308,102.93,100.49,0,1.797693135e+308,11:30:32,0,101.78,2,101.79,10,1.797693135e+308,0,1.797693135e+308,0,1.797693135e+308,0,1.797693135e+308,0,1.797693135e+308,0,1.797693135e+308,0,1.797693135e+308,0,1.797693135e+308,0,1017904.723,20160809
20160809,TF1609,,,101.78,101.71,101.73,17019,101.755,101.85,101.72,3843,3911807850,16545,1.797693135e+308,1.797693135e+308,102.93,100.49,0,1.797693135e+308,11:30:34,500,101.78,2,101.79,10,1.797693135e+308,0,1.797693135e+308,0,1.797693135e+308,0,1.797693135e+308,0,1.797693135e+308,0,1.797693135e+308,0,1.797693135e+308,0,1.797693135e+308,0,1017904.723,20160809
20160809,TF1609,,,101.78,101.71,101.73,17019,101.755,101.85,101.72,3843,3911807850,16545,1.797693135e+308,1.797693135e+308,102.93,100.49,0,1.797693135e+308,11:30:36,0,101.78,2,101.79,10,1.797693135e+308,0,1.797693135e+308,0,1.797693135e+308,0,1.797693135e+308,0,1.797693135e+308,0,1.797693135e+308,0,1.797693135e+308,0,1.797693135e+308,0,1017904.723,20160809
20160809,TF1609,,,101.78,101.71,101.73,17019,101.755,101.85,101.72,3843,3911807850,16545,1.797693135e+308,1.797693135e+308,102.93,100.49,0,1.797693135e+308,11:30:36,500,101.78,2,101.79,10,1.797693135e+308,0,1.797693135e+308,0,1.797693135e+308,0,1.797693135e+308,0,1.797693135e+308,0,1.797693135e+308,0,1.797693135e+308,0,1.797693135e+308,0,1017904.723,20160809
20160809,TF1609,,,101.78,101.71,101.73,17019,101.755,101.85,101.72,3843,3911807850,16545,1.797693135e+308,1.797693135e+308,102.93,100.49,0,1.797693135e+308,11:30:38,0,101.78,2,101.79,10,1.797693135e+308,0,1.797693135e+308,0,1.797693135e+308,0,1.797693135e+308,0,1.797693135e+308,0,1.797693135e+308,0,1.797693135e+308,0,1.797693135e+308,0,1017904.723,20160809
20160809,TF1609,,,101.78,101.71,101.73,17019,101.755,101.85,101.72,3843,3911807850,16545,1.797693135e+308,1.797693135e+308,102.93,100.49,0,1.797693135e+308,11:30:38,0,101.78,2,101.79,10,1.797693135e+308,0,1.797693135e+308,0,1.797693135e+308,0,1.797693135e+308,0,1.797693135e+308,0,1.797693135e+308,0,1.797693135e+308,0,1.797693135e+308,0,1017904.723,20160809
