20160810,IC1703,,,5806.6,5781.2,5791,1570,5787.8,5819,5787.8,53,61556440,1559,1.797693135e+308,1.797693135e+308,6359.2,5203.2,0,1.797693135e+308,10:26:53,500,5808.4,1,5810.4,1,1.797693135e+308,0,1.797693135e+308,0,1.797693135e+308,0,1.797693135e+308,0,1.797693135e+308,0,1.797693135e+308,0,1.797693135e+308,0,1.797693135e+308,0,1161442.264,20160810
20160810,IC1703,,,5806.6,5781.2,5791,1570,5787.8,5819,5787.8,53,61556440,1559,1.797693135e+308,1.797693135e+308,6359.2,5203.2,0,1.797693135e+308,10:26:54,0,5808.6,1,5810.4,1,1.797693135e+308,0,1.797693135e+308,0,1.797693135e+308,0,1.797693135e+308,0,1.797693135e+308,0,1.797693135e+308,0,1.797693135e+308,0,1.797693135e+308,0,1161442.264,20160810
20160810,IC1703,,,5806.6,5781.2,5791,1570,5787.8,5819,5787.8,53,61556440,1559,1.797693135e+308,1.797693135e+308,6359.2,5203.2,0,1.797693135e+308,10:26:58,0,5808.6,1,5811.6,1,1.797693135e+308,0,1.797693135e+308,0,1.797693135e+308,0,1.797693135e+308,0,1.797693135e+308,0,1.797693135e+308,0,1.797693135e+308,0,1.797693135e+308,0,1161442.264,20160810
20160810,IC1703,,,5806.6,5781.2,5791,1570,5787.8,5819,5787.8,53,61556440,1559,1.797693135e+308,1.797693135e+308,6359.2,5203.2,0,1.797693135e+308,10:27:00,0,5808.4,1,5811.6,1,1.797693135e+308,0,1.797693135e+308,0,1.797693135e+308,0,1.797693135e+308,0,1.797693135e+308,0,1.797693135e+308,0,1.797693135e+308,0,1.797693135e+308,0,1161442.264,20160810
20160810,IC1703,,,5806.6,5781.2,5791,1570,5787.8,5819,5787.8,53,61556440,1559,1.797693135e+308,1.797693135e+308,6359.2,5203.2,0,1.797693135e+308,10:27:01,0,5808.4,1,5811.4,1,1.797693135e+308,0,1.797693135e+308,0,1.797693135e+308,0,1.797693135e+308,0,1.797693135e+308,0,1.797693135e+308,0,1.797693135e+308,0,1.797693135e+308,0,1161442.264,20160810
20160810,IC1703,,,5808.4,5781.2,5791,1570,5787.8,5819,5787.8,54,62718120,1560,1.797693135e+308,1.797693135e+308,6359.2,5203.2,0,1.797693135e+308,10:27:06,0,5800,2,5808.4,1,1.797693135e+308,0,1.797693135e+308,0,1.797693135e+308,0,1.797693135e+308,0,1.797693135e+308,0,1.797693135e+308,0,1.797693135e+308,0,1.797693135e+308,0,1161446.667,20160810
20160810,IC1703,,,5801.4,5781.2,5791,1570,5787.8,5819,5787.8,55,63878400,1559,1.797693135e+308,1.797693135e+308,6359.2,5203.2,0,1.797693135e+308,10:27:06,500,5800.2,1,5811.4,1,1.797693135e+308,0,1.797693135e+308,0,1.797693135e+308,0,1.797693135e+308,0,1.797693135e+308,0,1.797693135e+308,0,1.797693135e+308,0,1.797693135e+308,0,1161425.455,20160810
20160810,IC1703,,,5801.4,5781.2,5791,1570,5787.8,5819,5787.8,55,63878400,1559,1.797693135e+308,1.797693135e+308,6359.2,5203.2,0,1.797693135e+308,10:27:07,0,5800.4,1,5808.2,1,1.797693135e+308,0,1.797693135e+308,0,1.797693135e+308,0,1.797693135e+308,0,1.797693135e+308,0,1.797693135e+308,0,1.797693135e+308,0,1.797693135e+308,0,1161425.455,20160810
20160810,IC1703,,,5801.4,5781.2,5791,1570,5787.8,5819,5787.8,55,63878400,1559,1.797693135e+308,1.797693135e+308,6359.2,5203.2,0,1.797693135e+308,10:27:07,500,5800.6,1,5808.2,1,1.797693135e+308,0,1.797693135e+308,0,1.797693135e+308,0,1.797693135e+308,0,1.797693135e+308,0,1.797693135e+308,0,1.797693135e+308,0,1.797693135e+308,0,1161425.455,20160810
20160810,IC1703,,,5801.4,5781.2,5791,1570,5787.8,5819,5787.8,55,63878400,1559,1.797693135e+308,1.797693135e+308,6359.2,5203.2,0,1.797693135e+308,10:27:08,500,5800.6,1,5810.2,1,1.797693135e+308,0,1.797693135e+308,0,1.797693135e+308,0,1.797693135e+308,0,1.797693135e+308,0,1.797693135e+308,0,1.797693135e+308,0,1.797693135e+308,0,1161425.455,20160810
20160810,IC1703,,,5801.4,5781.2,5791,1570,5787.8,5819,5787.8,55,63878400,1559,1.797693135e+308,1.797693135e+308,6359.2,5203.2,0,1.797693135e+308,10:27:09,0,5800.8,1,5811.4,1,1.797693135e+308,0,1.797693135e+308,0,1.797693135e+308,0,1.797693135e+308,0,1.797693135e+308,0,1.797693135e+308,0,1.797693135e+308,0,1.797693135e+308,0,1161425.455,20160810
20160810,IC1703,,,5801.4,5781.2,5791,1570,5787.8,5819,5787.8,55,63878400,1559,1.797693135e+308,1.797693135e+308,6359.2,5203.2,0,1.797693135e+308,10:27:09,500,5801,1,5811.2,1,1.797693135e+308,0,1.797693135e+308,0,1.797693135e+308,0,1.797693135e+308,0,1.797693135e+308,0,1.797693135e+308,0,1.797693135e+308,0,1.797693135e+308,0,1161425.455,20160810
20160810,IC1703,,,5801.4,5781.2,5791,1570,5787.8,5819,5787.8,55,63878400,1559,1.797693135e+308,1.797693135e+308,6359.2,5203.2,0,1.797693135e+308,10:27:10,0,5802.2,1,5808.8,1,1.797693135e+308,0,1.797693135e+308,0,1.797693135e+308,0,1.797693135e+308,0,1.797693135e+308,0,1.797693135e+308,0,1.797693135e+308,0,1.797693135e+308,0,1161425.455,20160810
20160810,IC1703,,,5801.4,5781.2,5791,1570,5787.8,5819,5787.8,55,63878400,1559,1.797693135e+308,1.797693135e+308,6359.2,5203.2,0,1.797693135e+308,10:27:11,500,5802.2,2,5808.8,1,1.797693135e+308,0,1.797693135e+308,0,1.797693135e+308,0,1.797693135e+308,0,1.797693135e+308,0,1.797693135e+308,0,1.797693135e+308,0,1.797693135e+308,0,1161425.455,20160810
20160810,IC1703,,,5801.4,5781.2,5791,1570,5787.8,5819,5787.8,55,63878400,1559,1.797693135e+308,1.797693135e+308,6359.2,5203.2,0,1.797693135e+308,10:27:16,500,5802.6,1,5808.8,1,1.797693135e+308,0,1.797693135e+308,0,1.797693135e+308,0,1.797693135e+308,0,1.797693135e+308,0,1.797693135e+308,0,1.797693135e+308,0,1.797693135e+308,0,1161425.455,20160810
20160810,IC1703,,,5801.4,5781.2,5791,1570,5787.8,5819,5787.8,55,63878400,1559,1.797693135e+308,1.797693135e+308,6359.2,5203.2,0,1.797693135e+308,10:27:17,0,5802.8,1,5808.8,1,1.797693135e+308,0,1.797693135e+308,0,1.797693135e+308,0,1.797693135e+308,0,1.797693135e+308,0,1.797693135e+308,0,1.797693135e+308,0,1.797693135e+308,0,1161425.455,20160810
20160810,IC1703,,,5808.8,5781.2,5791,1570,5787.8,5819,5787.8,56,65040160,1558,1.797693135e+308,1.797693135e+308,6359.2,5203.2,0,1.797693135e+308,10:27:18,0,5802.8,1,5811.2,1,1.797693135e+308,0,1.797693135e+308,0,1.797693135e+308,0,1.797693135e+308,0,1.797693135e+308,0,1.797693135e+308,0,1.797693135e+308,0,1.797693135e+308,0,1161431.429,20160810
20160810,IC1703,,,5808.8,5781.2,5791,1570,5787.8,5819,5787.8,56,65040160,1558,1.797693135e+308,1.797693135e+308,6359.2,5203.2,0,1.797693135e+308,10:27:18,500,5803,1,5811.2,1,1.797693135e+308,0,1.797693135e+308,0,1.797693135e+308,0,1.797693135e+308,0,1.797693135e+308,0,1.797693135e+308,0,1.797693135e+308,0,1.797693135e+308,0,1161431.429,20160810
20160810,IC1703,,,5808.8,5781.2,5791,1570,5787.8,5819,5787.8,56,65040160,1558,1.797693135e+308,1.797693135e+308,6359.2,5203.2,0,1.797693135e+308,10:27:19,0,5803.2,1,5811.2,1,1.797693135e+308,0,1.797693135e+308,0,1.797693135e+308,0,1.797693135e+308,0,1.797693135e+308,0,1.797693135e+308,0,1.797693135e+308,0,1.797693135e+308,0,1161431.429,20160810
20160810,IC1703,,,5808.8,5781.2,5791,1570,5787.8,5819,5787.8,56,65040160,1558,1.797693135e+308,1.797693135e+308,6359.2,5203.2,0,1.797693135e+308,10:27:21,500,5803.2,1,5811.2,1,1.797693135e+308,0,1.797693135e+308,0,1.797693135e+308,0,1.797693135e+308,0,1.797693135e+308,0,1.797693135e+308,0,1.797693135e+308,0,1.797693135e+308,0,1161431.429,20160810
20160810,IC1703,,,5808.8,5781.2,5791,1570,5787.8,5819,5787.8,56,65040160,1558,1.797693135e+308,1.797693135e+308,6359.2,5203.2,0,1.797693135e+308,10:27:23,0,5803.2,1,5810,1,1.797693135e+308,0,1.797693135e+308,0,1.797693135e+308,0,1.797693135e+308,0,1.797693135e+308,0,1.797693135e+308,0,1.797693135e+308,0,1.797693135e+308,0,1161431.429,20160810
20160810,IC1703,,,5808.8,5781.2,5791,1570,5787.8,5819,5787.8,56,65040160,1558,1.797693135e+308,1.797693135e+308,6359.2,5203.2,0,1.797693135e+308,10:27:23,500,5803.2,1,5810,1,1.797693135e+308,0,1.797693135e+308,0,1.797693135e+308,0,1.797693135e+308,0,1.797693135e+308,0,1.797693135e+308,0,1.797693135e+308,0,1.797693135e+308,0,1161431.429,20160810
20160810,IC1703,,,5808.8,5781.2,5791,1570,5787.8,5819,5787.8,56,65040160,1558,1.797693135e+308,1.797693135e+308,6359.2,5203.2,0,1.797693135e+308,10:27:26,500,5803.2,1,5810,1,1.797693135e+308,0,1.797693135e+308,0,1.797693135e+308,0,1.797693135e+308,0,1.797693135e+308,0,1.797693135e+308,0,1.797693135e+308,0,1.797693135e+308,0,1161431.429,20160810
20160810,IC1703,,,5808.8,5781.2,5791,1570,5787.8,5819,5787.8,56,65040160,1558,1.797693135e+308,1.797693135e+308,6359.2,5203.2,0,1.797693135e+308,10:27:27,0,5803.4,1,5810,1,1.797693135e+308,0,1.797693135e+308,0,1.797693135e+308,0,1.797693135e+308,0,1.797693135e+308,0,1.797693135e+308,0,1.797693135e+308,0,1.797693135e+308,0,1161431.429,20160810
20160810,IC1703,,,5808.8,5781.2,5791,1570,5787.8,5819,5787.8,56,65040160,1558,1.797693135e+308,1.797693135e+308,6359.2,5203.2,0,1.797693135e+308,10:27:27,500,5804,1,5810,1,1.797693135e+308,0,1.797693135e+308,0,1.797693135e+308,0,1.797693135e+308,0,1.797693135e+308,0,1.797693135e+308,0,1.797693135e+308,0,1.797693135e+308,0,1161431.429,20160810
20160810,IC1703,,,5808.8,5781.2,5791,1570,5787.8,5819,5787.8,56,65040160,1558,1.797693135e+308,1.797693135e+308,6359.2,5203.2,0,1.797693135e+308,10:27:28,500,5804.2,1,5810,1,1.797693135e+308,0,1.797693135e+308,0,1.797693135e+308,0,1.797693135e+308,0,1.797693135e+308,0,1.797693135e+308,0,1.797693135e+308,0,1.797693135e+308,0,1161431.429,20160810
20160810,IC1703,,,5808.8,5781.2,5791,1570,5787.8,5819,5787.8,56,65040160,1558,1.797693135e+308,1.797693135e+308,6359.2,5203.2,0,1.797693135e+308,10:27:29,500,5804.2,1,5810,1,1.797693135e+308,0,1.797693135e+308,0,1.797693135e+308,0,1.797693135e+308,0,1.797693135e+308,0,1.797693135e+308,0,1.797693135e+308,0,1.797693135e+308,0,1161431.429,20160810
20160810,IC1703,,,5808.8,5781.2,5791,1570,5787.8,5819,5787.8,56,65040160,1558,1.797693135e+308,1.797693135e+308,6359.2,5203.2,0,1.797693135e+308,10:27:33,500,5804.6,1,5810,1,1.797693135e+308,0,1.797693135e+308,0,1.797693135e+308,0,1.797693135e+308,0,1.797693135e+308,0,1.797693135e+308,0,1.797693135e+308,0,1.797693135e+308,0,1161431.429,20160810
20160810,IC1703,,,5808.8,5781.2,5791,1570,5787.8,5819,5787.8,56,65040160,1558,1.797693135e+308,1.797693135e+308,6359.2,5203.2,0,1.797693135e+308,10:27:34,0,5804.8,1,5810,1,1.797693135e+308,0,1.797693135e+308,0,1.797693135e+308,0,1.797693135e+308,0,1.797693135e+308,0,1.797693135e+308,0,1.797693135e+308,0,1.797693135e+308,0,1161431.429,20160810
20160810,IC1703,,,5808.8,5781.2,5791,1570,5787.8,5819,5787.8,56,65040160,1558,1.797693135e+308,1.797693135e+308,6359.2,5203.2,0,1.797693135e+308,10:27:36,500,5806,1,5810,1,1.797693135e+308,0,1.797693135e+308,0,1.797693135e+308,0,1.797693135e+308,0,1.797693135e+308,0,1.797693135e+308,0,1.797693135e+308,0,1.797693135e+308,0,1161431.429,20160810
20160810,IC1703,,,5808.8,5781.2,5791,1570,5787.8,5819,5787.8,56,65040160,1558,1.797693135e+308,1.797693135e+308,6359.2,5203.2,0,1.797693135e+308,10:27:37,0,5806.2,1,5810,1,1.797693135e+308,0,1.797693135e+308,0,1.797693135e+308,0,1.797693135e+308,0,1.797693135e+308,0,1.797693135e+308,0,1.797693135e+308,0,1.797693135e+308,0,1161431.429,20160810
20160810,IC1703,,,5808.8,5781.2,5791,1570,5787.8,5819,5787.8,56,65040160,1558,1.797693135e+308,1.797693135e+308,6359.2,5203.2,0,1.797693135e+308,10:27:42,500,5806.2,1,5808.8,1,1.797693135e+308,0,1.797693135e+308,0,1.797693135e+308,0,1.797693135e+308,0,1.797693135e+308,0,1.797693135e+308,0,1.797693135e+308,0,1.797693135e+308,0,1161431.429,20160810
20160810,IC1703,,,5808.8,5781.2,5791,1570,5787.8,5819,5787.8,56,65040160,1558,1.797693135e+308,1.797693135e+308,6359.2,5203.2,0,1.797693135e+308,10:27:53,0,5806.2,1,5808.8,1,1.797693135e+308,0,1.797693135e+308,0,1.797693135e+308,0,1.797693135e+308,0,1.797693135e+308,0,1.797693135e+308,0,1.797693135e+308,0,1.797693135e+308,0,1161431.429,20160810
20160810,IC1703,,,5808.8,5781.2,5791,1570,5787.8,5819,5787.8,56,65040160,1558,1.797693135e+308,1.797693135e+308,6359.2,5203.2,0,1.797693135e+308,10:27:54,500,5806.2,1,5808.8,1,1.797693135e+308,0,1.797693135e+308,0,1.797693135e+308,0,1.797693135e+308,0,1.797693135e+308,0,1.797693135e+308,0,1.797693135e+308,0,1.797693135e+308,0,1161431.429,20160810
20160810,IC1703,,,5808.8,5781.2,5791,1570,5787.8,5819,5787.8,56,65040160,1558,1.797693135e+308,1.797693135e+308,6359.2,5203.2,0,1.797693135e+308,10:28:00,500,5806.2,1,5808.8,1,1.797693135e+308,0,1.797693135e+308,0,1.797693135e+308,0,1.797693135e+308,0,1.797693135e+308,0,1.797693135e+308,0,1.797693135e+308,0,1.797693135e+308,0,1161431.429,20160810
20160810,IC1703,,,5808.8,5781.2,5791,1570,5787.8,5819,5787.8,56,65040160,1558,1.797693135e+308,1.797693135e+308,6359.2,5203.2,0,1.797693135e+308,10:28:05,500,5806.2,1,5808.6,1,1.797693135e+308,0,1.797693135e+308,0,1.797693135e+308,0,1.797693135e+308,0,1.797693135e+308,0,1.797693135e+308,0,1.797693135e+308,0,1.797693135e+308,0,1161431.429,20160810
20160810,IC1703,,,5808.8,5781.2,5791,1570,5787.8,5819,5787.8,56,65040160,1558,1.797693135e+308,1.797693135e+308,6359.2,5203.2,0,1.797693135e+308,10:28:09,500,5806.2,1,5808.8,1,1.797693135e+308,0,1.797693135e+308,0,1.797693135e+308,0,1.797693135e+308,0,1.797693135e+308,0,1.797693135e+308,0,1.797693135e+308,0,1.797693135e+308,0,1161431.429,20160810
20160810,IC1703,,,5808.8,5781.2,5791,1570,5787.8,5819,5787.8,56,65040160,1558,1.797693135e+308,1.797693135e+308,6359.2,5203.2,0,1.797693135e+308,10:28:14,0,5806.6,1,5808.8,1,1.797693135e+308,0,1.797693135e+308,0,1.797693135e+308,0,1.797693135e+308,0,1.797693135e+308,0,1.797693135e+308,0,1.797693135e+308,0,1.797693135e+308,0,1161431.429,20160810
20160810,IC1703,,,5808.8,5781.2,5791,1570,5787.8,5819,5787.8,56,65040160,1558,1.797693135e+308,1.797693135e+308,6359.2,5203.2,0,1.797693135e+308,10:28:14,500,5806.8,1,5808.8,1,1.797693135e+308,0,1.797693135e+308,0,1.797693135e+308,0,1.797693135e+308,0,1.797693135e+308,0,1.797693135e+308,0,1.797693135e+308,0,1.797693135e+308,0,1161431.429,20160810
20160810,IC1703,,,5808.8,5781.2,5791,1570,5787.8,5819,5787.8,56,65040160,1558,1.797693135e+308,1.797693135e+308,6359.2,5203.2,0,1.797693135e+308,10:28:15,0,5806.6,1,5808.8,1,1.797693135e+308,0,1.797693135e+308,0,1.797693135e+308,0,1.797693135e+308,0,1.797693135e+308,0,1.797693135e+308,0,1.797693135e+308,0,1.797693135e+308,0,1161431.429,20160810
20160810,IC1703,,,5808.8,5781.2,5791,1570,5787.8,5819,5787.8,56,65040160,1558,1.797693135e+308,1.797693135e+308,6359.2,5203.2,0,1.797693135e+308,10:28:16,0,5806.6,1,5808.8,1,1.797693135e+308,0,1.797693135e+308,0,1.797693135e+308,0,1.797693135e+308,0,1.797693135e+308,0,1.797693135e+308,0,1.797693135e+308,0,1.797693135e+308,0,1161431.429,20160810
20160810,IC1703,,,5808.8,5781.2,5791,1570,5787.8,5819,5787.8,56,65040160,1558,1.797693135e+308,1.797693135e+308,6359.2,5203.2,0,1.797693135e+308,10:28:16,500,5806.8,1,5808.8,1,1.797693135e+308,0,1.797693135e+308,0,1.797693135e+308,0,1.797693135e+308,0,1.797693135e+308,0,1.797693135e+308,0,1.797693135e+308,0,1.797693135e+308,0,1161431.429,20160810
20160810,IC1703,,,5808.8,5781.2,5791,1570,5787.8,5819,5787.8,56,65040160,1558,1.797693135e+308,1.797693135e+308,6359.2,5203.2,0,1.797693135e+308,10:28:17,500,5806.6,1,5808.8,1,1.797693135e+308,0,1.797693135e+308,0,1.797693135e+308,0,1.797693135e+308,0,1.797693135e+308,0,1.797693135e+308,0,1.797693135e+308,0,1.797693135e+308,0,1161431.429,20160810
20160810,IC1703,,,5808.8,5781.2,5791,1570,5787.8,5819,5787.8,56,65040160,1558,1.797693135e+308,1.797693135e+308,6359.2,5203.2,0,1.797693135e+308,10:28:19,0,5806.8,1,5808.8,1,1.797693135e+308,0,1.797693135e+308,0,1.797693135e+308,0,1.797693135e+308,0,1.797693135e+308,0,1.797693135e+308,0,1.797693135e+308,0,1.797693135e+308,0,1161431.429,20160810
20160810,IC1703,,,5808.8,5781.2,5791,1570,5787.8,5819,5787.8,56,65040160,1558,1.797693135e+308,1.797693135e+308,6359.2,5203.2,0,1.797693135e+308,10:28:27,0,5807,1,5808.8,1,1.797693135e+308,0,1.797693135e+308,0,1.797693135e+308,0,1.797693135e+308,0,1.797693135e+308,0,1.797693135e+308,0,1.797693135e+308,0,1.797693135e+308,0,1161431.429,20160810
20160810,IC1703,,,5808.8,5781.2,5791,1570,5787.8,5819,5787.8,56,65040160,1558,1.797693135e+308,1.797693135e+308,6359.2,5203.2,0,1.797693135e+308,10:28:27,500,5807,1,5808.8,1,1.797693135e+308,0,1.797693135e+308,0,1.797693135e+308,0,1.797693135e+308,0,1.797693135e+308,0,1.797693135e+308,0,1.797693135e+308,0,1.797693135e+308,0,1161431.429,20160810
20160810,IC1703,,,5808.8,5781.2,5791,1570,5787.8,5819,5787.8,56,65040160,1558,1.797693135e+308,1.797693135e+308,6359.2,5203.2,0,1.797693135e+308,10:28:34,500,5802.2,1,5808.8,1,1.797693135e+308,0,1.797693135e+308,0,1.797693135e+308,0,1.797693135e+308,0,1.797693135e+308,0,1.797693135e+308,0,1.797693135e+308,0,1.797693135e+308,0,1161431.429,20160810
20160810,IC1703,,,5808.8,5781.2,5791,1570,5787.8,5819,5787.8,56,65040160,1558,1.797693135e+308,1.797693135e+308,6359.2,5203.2,0,1.797693135e+308,10:28:35,0,5802.4,1,5808.8,1,1.797693135e+308,0,1.797693135e+308,0,1.797693135e+308,0,1.797693135e+308,0,1.797693135e+308,0,1.797693135e+308,0,1.797693135e+308,0,1.797693135e+308,0,1161431.429,20160810
20160810,IC1703,,,5808.8,5781.2,5791,1570,5787.8,5819,5787.8,56,65040160,1558,1.797693135e+308,1.797693135e+308,6359.2,5203.2,0,1.797693135e+308,10:28:39,500,5806,1,5808.8,1,1.797693135e+308,0,1.797693135e+308,0,1.797693135e+308,0,1.797693135e+308,0,1.797693135e+308,0,1.797693135e+308,0,1.797693135e+308,0,1.797693135e+308,0,1161431.429,20160810
20160810,IC1703,,,5808.8,5781.2,5791,1570,5787.8,5819,5787.8,56,65040160,1558,1.797693135e+308,1.797693135e+308,6359.2,5203.2,0,1.797693135e+308,10:28:40,0,5806.2,1,5808.8,1,1.797693135e+308,0,1.797693135e+308,0,1.797693135e+308,0,1.797693135e+308,0,1.797693135e+308,0,1.797693135e+308,0,1.797693135e+308,0,1.797693135e+308,0,1161431.429,20160810
20160810,IC1703,,,5808.8,5781.2,5791,1570,5787.8,5819,5787.8,56,65040160,1558,1.797693135e+308,1.797693135e+308,6359.2,5203.2,0,1.797693135e+308,10:28:52,0,5807,1,5808.8,1,1.797693135e+308,0,1.797693135e+308,0,1.797693135e+308,0,1.797693135e+308,0,1.797693135e+308,0,1.797693135e+308,0,1.797693135e+308,0,1.797693135e+308,0,1161431.429,20160810
20160810,IC1703,,,5808.8,5781.2,5791,1570,5787.8,5819,5787.8,56,65040160,1558,1.797693135e+308,1.797693135e+308,6359.2,5203.2,0,1.797693135e+308,10:28:52,500,5807.2,1,5808.8,1,1.797693135e+308,0,1.797693135e+308,0,1.797693135e+308,0,1.797693135e+308,0,1.797693135e+308,0,1.797693135e+308,0,1.797693135e+308,0,1.797693135e+308,0,1161431.429,20160810
20160810,IC1703,,,5808.8,5781.2,5791,1570,5787.8,5819,5787.8,56,65040160,1558,1.797693135e+308,1.797693135e+308,6359.2,5203.2,0,1.797693135e+308,10:28:56,0,5807.2,1,5808.8,1,1.797693135e+308,0,1.797693135e+308,0,1.797693135e+308,0,1.797693135e+308,0,1.797693135e+308,0,1.797693135e+308,0,1.797693135e+308,0,1.797693135e+308,0,1161431.429,20160810
20160810,IC1703,,,5808.8,5781.2,5791,1570,5787.8,5819,5787.8,56,65040160,1558,1.797693135e+308,1.797693135e+308,6359.2,5203.2,0,1.797693135e+308,10:28:58,0,5807.2,1,5808.8,1,1.797693135e+308,0,1.797693135e+308,0,1.797693135e+308,0,1.797693135e+308,0,1.797693135e+308,0,1.797693135e+308,0,1.797693135e+308,0,1.797693135e+308,0,1161431.429,20160810
20160810,IC1703,,,5808.8,5781.2,5791,1570,5787.8,5819,5787.8,56,65040160,1558,1.797693135e+308,1.797693135e+308,6359.2,5203.2,0,1.797693135e+308,10:29:01,500,5802.2,1,5808.8,1,1.797693135e+308,0,1.797693135e+308,0,1.797693135e+308,0,1.797693135e+308,0,1.797693135e+308,0,1.797693135e+308,0,1.797693135e+308,0,1.797693135e+308,0,1161431.429,20160810
20160810,IC1703,,,5808.8,5781.2,5791,1570,5787.8,5819,5787.8,56,65040160,1558,1.797693135e+308,1.797693135e+308,6359.2,5203.2,0,1.797693135e+308,10:29:02,0,5802.4,1,5808.8,1,1.797693135e+308,0,1.797693135e+308,0,1.797693135e+308,0,1.797693135e+308,0,1.797693135e+308,0,1.797693135e+308,0,1.797693135e+308,0,1.797693135e+308,0,1161431.429,20160810
20160810,IC1703,,,5808.8,5781.2,5791,1570,5787.8,5819,5787.8,56,65040160,1558,1.797693135e+308,1.797693135e+308,6359.2,5203.2,0,1.797693135e+308,10:29:03,0,5803,1,5808.8,1,1.797693135e+308,0,1.797693135e+308,0,1.797693135e+308,0,1.797693135e+308,0,1.797693135e+308,0,1.797693135e+308,0,1.797693135e+308,0,1.797693135e+308,0,1161431.429,20160810
20160810,IC1703,,,5808.8,5781.2,5791,1570,5787.8,5819,5787.8,56,65040160,1558,1.797693135e+308,1.797693135e+308,6359.2,5203.2,0,1.797693135e+308,10:29:03,500,5803.2,1,5808.8,1,1.797693135e+308,0,1.797693135e+308,0,1.797693135e+308,0,1.797693135e+308,0,1.797693135e+308,0,1.797693135e+308,0,1.797693135e+308,0,1.797693135e+308,0,1161431.429,20160810
20160810,IC1703,,,5808.8,5781.2,5791,1570,5787.8,5819,5787.8,56,65040160,1558,1.797693135e+308,1.797693135e+308,6359.2,5203.2,0,1.797693135e+308,10:29:04,0,5803.2,1,5808.8,1,1.797693135e+308,0,1.797693135e+308,0,1.797693135e+308,0,1.797693135e+308,0,1.797693135e+308,0,1.797693135e+308,0,1.797693135e+308,0,1.797693135e+308,0,1161431.429,20160810
20160810,IC1703,,,5808.8,5781.2,5791,1570,5787.8,5819,5787.8,56,65040160,1558,1.797693135e+308,1.797693135e+308,6359.2,5203.2,0,1.797693135e+308,10:29:12,500,5803.2,1,5808.6,1,1.797693135e+308,0,1.797693135e+308,0,1.797693135e+308,0,1.797693135e+308,0,1.797693135e+308,0,1.797693135e+308,0,1.797693135e+308,0,1.797693135e+308,0,1161431.429,20160810
20160810,IC1703,,,5808.8,5781.2,5791,1570,5787.8,5819,5787.8,56,65040160,1558,1.797693135e+308,1.797693135e+308,6359.2,5203.2,0,1.797693135e+308,10:29:15,0,5805,1,5808.6,1,1.797693135e+308,0,1.797693135e+308,0,1.797693135e+308,0,1.797693135e+308,0,1.797693135e+308,0,1.797693135e+308,0,1.797693135e+308,0,1.797693135e+308,0,1161431.429,20160810
20160810,IC1703,,,5808.8,5781.2,5791,1570,5787.8,5819,5787.8,56,65040160,1558,1.797693135e+308,1.797693135e+308,6359.2,5203.2,0,1.797693135e+308,10:29:15,500,5805.2,1,5808.6,1,1.797693135e+308,0,1.797693135e+308,0,1.797693135e+308,0,1.797693135e+308,0,1.797693135e+308,0,1.797693135e+308,0,1.797693135e+308,0,1.797693135e+308,0,1161431.429,20160810
20160810,IC1703,,,5808.8,5781.2,5791,1570,5787.8,5819,5787.8,56,65040160,1558,1.797693135e+308,1.797693135e+308,6359.2,5203.2,0,1.797693135e+308,10:29:22,500,5805.2,1,5808,1,1.797693135e+308,0,1.797693135e+308,0,1.797693135e+308,0,1.797693135e+308,0,1.797693135e+308,0,1.797693135e+308,0,1.797693135e+308,0,1.797693135e+308,0,1161431.429,20160810
20160810,IC1703,,,5808.8,5781.2,5791,1570,5787.8,5819,5787.8,56,65040160,1558,1.797693135e+308,1.797693135e+308,6359.2,5203.2,0,1.797693135e+308,10:29:33,0,5805.2,1,5808.6,1,1.797693135e+308,0,1.797693135e+308,0,1.797693135e+308,0,1.797693135e+308,0,1.797693135e+308,0,1.797693135e+308,0,1.797693135e+308,0,1.797693135e+308,0,1161431.429,20160810
20160810,IC1703,,,5808.8,5781.2,5791,1570,5787.8,5819,5787.8,56,65040160,1558,1.797693135e+308,1.797693135e+308,6359.2,5203.2,0,1.797693135e+308,10:29:37,0,5807,1,5808.6,1,1.797693135e+308,0,1.797693135e+308,0,1.797693135e+308,0,1.797693135e+308,0,1.797693135e+308,0,1.797693135e+308,0,1.797693135e+308,0,1.797693135e+308,0,1161431.429,20160810
20160810,IC1703,,,5808.8,5781.2,5791,1570,5787.8,5819,5787.8,56,65040160,1558,1.797693135e+308,1.797693135e+308,6359.2,5203.2,0,1.797693135e+308,10:29:37,500,5807.2,1,5808.6,1,1.797693135e+308,0,1.797693135e+308,0,1.797693135e+308,0,1.797693135e+308,0,1.797693135e+308,0,1.797693135e+308,0,1.797693135e+308,0,1.797693135e+308,0,1161431.429,20160810
20160810,IC1703,,,5808.8,5781.2,5791,1570,5787.8,5819,5787.8,56,65040160,1558,1.797693135e+308,1.797693135e+308,6359.2,5203.2,0,1.797693135e+308,10:29:49,0,5808,1,5808.6,1,1.797693135e+308,0,1.797693135e+308,0,1.797693135e+308,0,1.797693135e+308,0,1.797693135e+308,0,1.797693135e+308,0,1.797693135e+308,0,1.797693135e+308,0,1161431.429,20160810
20160810,IC1703,,,5808.8,5781.2,5791,1570,5787.8,5819,5787.8,56,65040160,1558,1.797693135e+308,1.797693135e+308,6359.2,5203.2,0,1.797693135e+308,10:29:49,500,5808,1,5808.6,1,1.797693135e+308,0,1.797693135e+308,0,1.797693135e+308,0,1.797693135e+308,0,1.797693135e+308,0,1.797693135e+308,0,1.797693135e+308,0,1.797693135e+308,0,1161431.429,20160810
20160810,IC1703,,,5808.8,5781.2,5791,1570,5787.8,5819,5787.8,56,65040160,1558,1.797693135e+308,1.797693135e+308,6359.2,5203.2,0,1.797693135e+308,10:29:52,0,5802.2,1,5808.6,1,1.797693135e+308,0,1.797693135e+308,0,1.797693135e+308,0,1.797693135e+308,0,1.797693135e+308,0,1.797693135e+308,0,1.797693135e+308,0,1.797693135e+308,0,1161431.429,20160810
20160810,IC1703,,,5808.8,5781.2,5791,1570,5787.8,5819,5787.8,56,65040160,1558,1.797693135e+308,1.797693135e+308,6359.2,5203.2,0,1.797693135e+308,10:29:52,500,5802.4,1,5808.6,1,1.797693135e+308,0,1.797693135e+308,0,1.797693135e+308,0,1.797693135e+308,0,1.797693135e+308,0,1.797693135e+308,0,1.797693135e+308,0,1.797693135e+308,0,1161431.429,20160810
20160810,IC1703,,,5808.8,5781.2,5791,1570,5787.8,5819,5787.8,56,65040160,1558,1.797693135e+308,1.797693135e+308,6359.2,5203.2,0,1.797693135e+308,10:29:53,0,5803,1,5808.6,1,1.797693135e+308,0,1.797693135e+308,0,1.797693135e+308,0,1.797693135e+308,0,1.797693135e+308,0,1.797693135e+308,0,1.797693135e+308,0,1.797693135e+308,0,1161431.429,20160810
20160810,IC1703,,,5808.8,5781.2,5791,1570,5787.8,5819,5787.8,56,65040160,1558,1.797693135e+308,1.797693135e+308,6359.2,5203.2,0,1.797693135e+308,10:29:53,500,5803.2,1,5808.6,1,1.797693135e+308,0,1.797693135e+308,0,1.797693135e+308,0,1.797693135e+308,0,1.797693135e+308,0,1.797693135e+308,0,1.797693135e+308,0,1.797693135e+308,0,1161431.429,20160810
20160810,IC1703,,,5808.8,5781.2,5791,1570,5787.8,5819,5787.8,56,65040160,1558,1.797693135e+308,1.797693135e+308,6359.2,5203.2,0,1.797693135e+308,10:29:54,0,5803.2,1,5808.6,1,1.797693135e+308,0,1.797693135e+308,0,1.797693135e+308,0,1.797693135e+308,0,1.797693135e+308,0,1.797693135e+308,0,1.797693135e+308,0,1.797693135e+308,0,1161431.429,20160810
20160810,IC1703,,,5808.8,5781.2,5791,1570,5787.8,5819,5787.8,56,65040160,1558,1.797693135e+308,1.797693135e+308,6359.2,5203.2,0,1.797693135e+308,10:29:57,0,5803.2,1,5808,1,1.797693135e+308,0,1.797693135e+308,0,1.797693135e+308,0,1.797693135e+308,0,1.797693135e+308,0,1.797693135e+308,0,1.797693135e+308,0,1.797693135e+308,0,1161431.429,20160810
20160810,IC1703,,,5808.8,5781.2,5791,1570,5787.8,5819,5787.8,56,65040160,1558,1.797693135e+308,1.797693135e+308,6359.2,5203.2,0,1.797693135e+308,10:30:06,500,5803.2,1,5807.8,1,1.797693135e+308,0,1.797693135e+308,0,1.797693135e+308,0,1.797693135e+308,0,1.797693135e+308,0,1.797693135e+308,0,1.797693135e+308,0,1.797693135e+308,0,1161431.429,20160810
20160810,IC1703,,,5808.8,5781.2,5791,1570,5787.8,5819,5787.8,56,65040160,1558,1.797693135e+308,1.797693135e+308,6359.2,5203.2,0,1.797693135e+308,10:30:07,0,5806,1,5807.8,1,1.797693135e+308,0,1.797693135e+308,0,1.797693135e+308,0,1.797693135e+308,0,1.797693135e+308,0,1.797693135e+308,0,1.797693135e+308,0,1.797693135e+308,0,1161431.429,20160810
20160810,IC1703,,,5808.8,5781.2,5791,1570,5787.8,5819,5787.8,56,65040160,1558,1.797693135e+308,1.797693135e+308,6359.2,5203.2,0,1.797693135e+308,10:30:09,0,5803.2,1,5807.8,1,1.797693135e+308,0,1.797693135e+308,0,1.797693135e+308,0,1.797693135e+308,0,1.797693135e+308,0,1.797693135e+308,0,1.797693135e+308,0,1.797693135e+308,0,1161431.429,20160810
20160810,IC1703,,,5808.8,5781.2,5791,1570,5787.8,5819,5787.8,56,65040160,1558,1.797693135e+308,1.797693135e+308,6359.2,5203.2,0,1.797693135e+308,10:30:17,0,5803.2,1,5807.8,1,1.797693135e+308,0,1.797693135e+308,0,1.797693135e+308,0,1.797693135e+308,0,1.797693135e+308,0,1.797693135e+308,0,1.797693135e+308,0,1.797693135e+308,0,1161431.429,20160810
20160810,IC1703,,,5808.8,5781.2,5791,1570,5787.8,5819,5787.8,56,65040160,1558,1.797693135e+308,1.797693135e+308,6359.2,5203.2,0,1.797693135e+308,10:30:20,0,5803.2,1,5807,1,1.797693135e+308,0,1.797693135e+308,0,1.797693135e+308,0,1.797693135e+308,0,1.797693135e+308,0,1.797693135e+308,0,1.797693135e+308,0,1.797693135e+308,0,1161431.429,20160810
20160810,IC1703,,,5808.8,5781.2,5791,1570,5787.8,5819,5787.8,56,65040160,1558,1.797693135e+308,1.797693135e+308,6359.2,5203.2,0,1.797693135e+308,10:30:25,500,5803.6,1,5807,1,1.797693135e+308,0,1.797693135e+308,0,1.797693135e+308,0,1.797693135e+308,0,1.797693135e+308,0,1.797693135e+308,0,1.797693135e+308,0,1.797693135e+308,0,1161431.429,20160810
20160810,IC1703,,,5808.8,5781.2,5791,1570,5787.8,5819,5787.8,56,65040160,1558,1.797693135e+308,1.797693135e+308,6359.2,5203.2,0,1.797693135e+308,10:30:26,0,5803.8,1,5807,1,1.797693135e+308,0,1.797693135e+308,0,1.797693135e+308,0,1.797693135e+308,0,1.797693135e+308,0,1.797693135e+308,0,1.797693135e+308,0,1.797693135e+308,0,1161431.429,20160810
20160810,IC1703,,,5808.8,5781.2,5791,1570,5787.8,5819,5787.8,56,65040160,1558,1.797693135e+308,1.797693135e+308,6359.2,5203.2,0,1.797693135e+308,10:30:26,500,5803.8,1,5807,1,1.797693135e+308,0,1.797693135e+308,0,1.797693135e+308,0,1.797693135e+308,0,1.797693135e+308,0,1.797693135e+308,0,1.797693135e+308,0,1.797693135e+308,0,1161431.429,20160810
20160810,IC1703,,,5808.8,5781.2,5791,1570,5787.8,5819,5787.8,56,65040160,1558,1.797693135e+308,1.797693135e+308,6359.2,5203.2,0,1.797693135e+308,10:30:28,0,5803.8,1,5807.8,1,1.797693135e+308,0,1.797693135e+308,0,1.797693135e+308,0,1.797693135e+308,0,1.797693135e+308,0,1.797693135e+308,0,1.797693135e+308,0,1.797693135e+308,0,1161431.429,20160810
20160810,IC1703,,,5808.8,5781.2,5791,1570,5787.8,5819,5787.8,56,65040160,1558,1.797693135e+308,1.797693135e+308,6359.2,5203.2,0,1.797693135e+308,10:30:31,500,5805,1,5807.8,1,1.797693135e+308,0,1.797693135e+308,0,1.797693135e+308,0,1.797693135e+308,0,1.797693135e+308,0,1.797693135e+308,0,1.797693135e+308,0,1.797693135e+308,0,1161431.429,20160810
20160810,IC1703,,,5808.8,5781.2,5791,1570,5787.8,5819,5787.8,56,65040160,1558,1.797693135e+308,1.797693135e+308,6359.2,5203.2,0,1.797693135e+308,10:30:32,0,5805.2,1,5807.8,1,1.797693135e+308,0,1.797693135e+308,0,1.797693135e+308,0,1.797693135e+308,0,1.797693135e+308,0,1.797693135e+308,0,1.797693135e+308,0,1.797693135e+308,0,1161431.429,20160810
20160810,IC1703,,,5805.2,5781.2,5791,1570,5787.8,5819,5787.8,57,66201200,1559,1.797693135e+308,1.797693135e+308,6359.2,5203.2,0,1.797693135e+308,10:30:37,0,5805,1,5807.8,1,1.797693135e+308,0,1.797693135e+308,0,1.797693135e+308,0,1.797693135e+308,0,1.797693135e+308,0,1.797693135e+308,0,1.797693135e+308,0,1.797693135e+308,0,1161424.561,20160810
20160810,IC1703,,,5807.8,5781.2,5791,1570,5787.8,5819,5787.8,58,67362760,1560,1.797693135e+308,1.797693135e+308,6359.2,5203.2,0,1.797693135e+308,10:30:37,500,5805.8,1,5808.6,1,1.797693135e+308,0,1.797693135e+308,0,1.797693135e+308,0,1.797693135e+308,0,1.797693135e+308,0,1.797693135e+308,0,1.797693135e+308,0,1.797693135e+308,0,1161426.897,20160810
20160810,IC1703,,,5807.8,5781.2,5791,1570,5787.8,5819,5787.8,58,67362760,1560,1.797693135e+308,1.797693135e+308,6359.2,5203.2,0,1.797693135e+308,10:30:40,0,5806,1,5808.6,1,1.797693135e+308,0,1.797693135e+308,0,1.797693135e+308,0,1.797693135e+308,0,1.797693135e+308,0,1.797693135e+308,0,1.797693135e+308,0,1.797693135e+308,0,1161426.897,20160810
20160810,IC1703,,,5807.8,5781.2,5791,1570,5787.8,5819,5787.8,58,67362760,1560,1.797693135e+308,1.797693135e+308,6359.2,5203.2,0,1.797693135e+308,10:30:41,0,5806.6,1,5808.6,1,1.797693135e+308,0,1.797693135e+308,0,1.797693135e+308,0,1.797693135e+308,0,1.797693135e+308,0,1.797693135e+308,0,1.797693135e+308,0,1.797693135e+308,0,1161426.897,20160810
20160810,IC1703,,,5808.6,5781.2,5791,1570,5787.8,5819,5787.8,59,68524480,1560,1.797693135e+308,1.797693135e+308,6359.2,5203.2,0,1.797693135e+308,10:30:41,500,5806.6,1,5808.8,1,1.797693135e+308,0,1.797693135e+308,0,1.797693135e+308,0,1.797693135e+308,0,1.797693135e+308,0,1.797693135e+308,0,1.797693135e+308,0,1.797693135e+308,0,1161431.864,20160810
20160810,IC1703,,,5808.6,5781.2,5791,1570,5787.8,5819,5787.8,59,68524480,1560,1.797693135e+308,1.797693135e+308,6359.2,5203.2,0,1.797693135e+308,10:30:42,0,5808.6,1,5808.8,1,1.797693135e+308,0,1.797693135e+308,0,1.797693135e+308,0,1.797693135e+308,0,1.797693135e+308,0,1.797693135e+308,0,1.797693135e+308,0,1.797693135e+308,0,1161431.864,20160810
20160810,IC1703,,,5808.6,5781.2,5791,1570,5787.8,5819,5787.8,59,68524480,1560,1.797693135e+308,1.797693135e+308,6359.2,5203.2,0,1.797693135e+308,10:30:43,0,5808.6,1,5808.8,1,1.797693135e+308,0,1.797693135e+308,0,1.797693135e+308,0,1.797693135e+308,0,1.797693135e+308,0,1.797693135e+308,0,1.797693135e+308,0,1.797693135e+308,0,1161431.864,20160810
20160810,IC1703,,,5808.6,5781.2,5791,1570,5787.8,5819,5787.8,59,68524480,1560,1.797693135e+308,1.797693135e+308,6359.2,5203.2,0,1.797693135e+308,10:30:44,0,5802.2,1,5808.8,1,1.797693135e+308,0,1.797693135e+308,0,1.797693135e+308,0,1.797693135e+308,0,1.797693135e+308,0,1.797693135e+308,0,1.797693135e+308,0,1.797693135e+308,0,1161431.864,20160810
20160810,IC1703,,,5808.6,5781.2,5791,1570,5787.8,5819,5787.8,59,68524480,1560,1.797693135e+308,1.797693135e+308,6359.2,5203.2,0,1.797693135e+308,10:30:44,500,5806.8,1,5808.8,1,1.797693135e+308,0,1.797693135e+308,0,1.797693135e+308,0,1.797693135e+308,0,1.797693135e+308,0,1.797693135e+308,0,1.797693135e+308,0,1.797693135e+308,0,1161431.864,20160810
20160810,IC1703,,,5808.6,5781.2,5791,1570,5787.8,5819,5787.8,59,68524480,1560,1.797693135e+308,1.797693135e+308,6359.2,5203.2,0,1.797693135e+308,10:30:46,500,5807,1,5808.8,1,1.797693135e+308,0,1.797693135e+308,0,1.797693135e+308,0,1.797693135e+308,0,1.797693135e+308,0,1.797693135e+308,0,1.797693135e+308,0,1.797693135e+308,0,1161431.864,20160810
20160810,IC1703,,,5808.6,5781.2,5791,1570,5787.8,5819,5787.8,59,68524480,1560,1.797693135e+308,1.797693135e+308,6359.2,5203.2,0,1.797693135e+308,10:30:47,0,5807,1,5808.8,1,1.797693135e+308,0,1.797693135e+308,0,1.797693135e+308,0,1.797693135e+308,0,1.797693135e+308,0,1.797693135e+308,0,1.797693135e+308,0,1.797693135e+308,0,1161431.864,20160810
20160810,IC1703,,,5808,5781.2,5791,1570,5787.8,5819,5787.8,65,75492880,1566,1.797693135e+308,1.797693135e+308,6359.2,5203.2,0,1.797693135e+308,10:33:39,500,5800.4,1,5808.6,2,1.797693135e+308,0,1.797693135e+308,0,1.797693135e+308,0,1.797693135e+308,0,1.797693135e+308,0,1.797693135e+308,0,1.797693135e+308,0,1.797693135e+308,0,1161428.923,20160810
20160810,IC1703,,,5808,5781.2,5791,1570,5787.8,5819,5787.8,65,75492880,1566,1.797693135e+308,1.797693135e+308,6359.2,5203.2,0,1.797693135e+308,10:33:42,0,5808,1,5808.6,2,1.797693135e+308,0,1.797693135e+308,0,1.797693135e+308,0,1.797693135e+308,0,1.797693135e+308,0,1.797693135e+308,0,1.797693135e+308,0,1.797693135e+308,0,1161428.923,20160810
20160810,IC1703,,,5808,5781.2,5791,1570,5787.8,5819,5787.8,66,76654480,1566,1.797693135e+308,1.797693135e+308,6359.2,5203.2,0,1.797693135e+308,10:33:42,500,5801,1,5808.6,1,1.797693135e+308,0,1.797693135e+308,0,1.797693135e+308,0,1.797693135e+308,0,1.797693135e+308,0,1.797693135e+308,0,1.797693135e+308,0,1.797693135e+308,0,1161431.515,20160810
20160810,IC1703,,,5808,5781.2,5791,1570,5787.8,5819,5787.8,66,76654480,1566,1.797693135e+308,1.797693135e+308,6359.2,5203.2,0,1.797693135e+308,10:34:28,500,5803.6,1,5808,1,1.797693135e+308,0,1.797693135e+308,0,1.797693135e+308,0,1.797693135e+308,0,1.797693135e+308,0,1.797693135e+308,0,1.797693135e+308,0,1.797693135e+308,0,1161431.515,20160810
20160810,IC1703,,,5808,5781.2,5791,1570,5787.8,5819,5787.8,66,76654480,1566,1.797693135e+308,1.797693135e+308,6359.2,5203.2,0,1.797693135e+308,10:34:31,0,5803.4,1,5808,1,1.797693135e+308,0,1.797693135e+308,0,1.797693135e+308,0,1.797693135e+308,0,1.797693135e+308,0,1.797693135e+308,0,1.797693135e+308,0,1.797693135e+308,0,1161431.515,20160810
20160810,IC1703,,,5801,5781.2,5791,1570,5787.8,5819,5787.8,74,85938120,1570,,,6359.2,5203.2,0,,10:45:45,0,5800,2,5805,1,1.797693135e+308,0,1.797693135e+308,0,1.797693135e+308,0,1.797693135e+308,0,1.797693135e+308,0,1.797693135e+308,0,1.797693135e+308,0,1.797693135e+308,0,1161325.946,20160810
20160810,IC1703,,,5801,5781.2,5791,1570,5787.8,5819,5787.8,74,85938120,1570,,,6359.2,5203.2,0,,10:46:15,500,5800.2,1,5805,1,1.797693135e+308,0,1.797693135e+308,0,1.797693135e+308,0,1.797693135e+308,0,1.797693135e+308,0,1.797693135e+308,0,1.797693135e+308,0,1.797693135e+308,0,1161325.946,20160810
20160810,IC1703,,,5806.8,5781.2,5791,1570,5787.8,5819,5787.8,79,91744120,1572,,,6359.2,5203.2,0,,10:59:09,500,5805,1,5807,1,,0,,0,,0,,0,,0,,0,,0,,0,1161317.975,20160810
20160810,IC1703,,,5806.8,5781.2,5791,1570,5787.8,5819,5787.8,79,91744120,1572,,,6359.2,5203.2,0,,10:59:23,500,5804,1,5807,1,,0,,0,,0,,0,,0,,0,,0,,0,1161317.975,20160810
20160810,IC1703,,,5806.8,5781.2,5791,1570,5787.8,5819,5787.8,79,91744120,1572,,,6359.2,5203.2,0,,10:59:24,500,5803,1,5807,1,,0,,0,,0,,0,,0,,0,,0,,0,1161317.975,20160810
20160810,IC1703,,,5806.8,5781.2,5791,1570,5787.8,5819,5787.8,79,91744120,1572,,,6359.2,5203.2,0,,10:59:25,0,5806,1,5807,1,,0,,0,,0,,0,,0,,0,,0,,0,1161317.975,20160810
20160810,IC1703,,,5806,5781.2,5791,1570,5787.8,5819,5787.8,80,92905320,1572,,,6359.2,5203.2,0,,10:59:27,0,5803,1,5807,1,,0,,0,,0,,0,,0,,0,,0,,0,1161316.5,20160810
20160810,IC1703,,,5806,5781.2,5791,1570,5787.8,5819,5787.8,80,92905320,1572,,,6359.2,5203.2,0,,10:59:44,500,5804,1,5807,1,,0,,0,,0,,0,,0,,0,,0,,0,1161316.5,20160810
20160810,IC1703,,,5806,5781.2,5791,1570,5787.8,5819,5787.8,80,92905320,1572,,,6359.2,5203.2,0,,10:59:47,500,5804,1,5806.8,1,,0,,0,,0,,0,,0,,0,,0,,0,1161316.5,20160810
20160810,IC1703,,,5806,5781.2,5791,1570,5787.8,5819,5787.8,80,92905320,1572,,,6359.2,5203.2,0,,10:59:48,0,5804,1,5807,1,,0,,0,,0,,0,,0,,0,,0,,0,1161316.5,20160810
20160810,IC1703,,,5806,5781.2,5791,1570,5787.8,5819,5787.8,80,92905320,1572,,,6359.2,5203.2,0,,10:59:51,0,5803,1,5807,1,,0,,0,,0,,0,,0,,0,,0,,0,1161316.5,20160810
20160810,IC1703,,,5806,5781.2,5791,1570,5787.8,5819,5787.8,80,92905320,1572,,,6359.2,5203.2,0,,10:59:54,500,5806,1,5807,1,,0,,0,,0,,0,,0,,0,,0,,0,1161316.5,20160810
20160810,IC1703,,,5806,5781.2,5791,1570,5787.8,5819,5787.8,81,94066520,1571,,,6359.2,5203.2,0,,10:59:56,0,5803,1,5807,1,,0,,0,,0,,0,,0,,0,,0,,0,1161315.062,20160810
20160810,IC1703,,,5806,5781.2,5791,1570,5787.8,5819,5787.8,81,94066520,1571,,,6359.2,5203.2,0,,11:00:01,500,5803,1,5806,1,,0,,0,,0,,0,,0,,0,,0,,0,1161315.062,20160810
20160810,IC1703,,,5806,5781.2,5791,1570,5787.8,5819,5787.8,81,94066520,1571,,,6359.2,5203.2,0,,11:00:02,0,5803,1,5807,1,,0,,0,,0,,0,,0,,0,,0,,0,1161315.062,20160810
20160810,IC1703,,,5806,5781.2,5791,1570,5787.8,5819,5787.8,81,94066520,1571,,,6359.2,5203.2,0,,11:00:07,500,5803,1,5806.2,1,,0,,0,,0,,0,,0,,0,,0,,0,1161315.062,20160810
20160810,IC1703,,,5806,5781.2,5791,1570,5787.8,5819,5787.8,81,94066520,1571,,,6359.2,5203.2,0,,11:00:08,0,5803,1,5807,1,,0,,0,,0,,0,,0,,0,,0,,0,1161315.062,20160810
20160810,IC1703,,,5806,5781.2,5791,1570,5787.8,5819,5787.8,81,94066520,1571,,,6359.2,5203.2,0,,11:00:12,0,5803,1,5806.6,1,,0,,0,,0,,0,,0,,0,,0,,0,1161315.062,20160810
20160810,IC1703,,,5806,5781.2,5791,1570,5787.8,5819,5787.8,81,94066520,1571,,,6359.2,5203.2,0,,11:00:17,500,5803,1,5806,1,,0,,0,,0,,0,,0,,0,,0,,0,1161315.062,20160810
20160810,IC1703,,,5806,5781.2,5791,1570,5787.8,5819,5787.8,81,94066520,1571,,,6359.2,5203.2,0,,11:00:19,0,5805.6,1,5806,1,,0,,0,,0,,0,,0,,0,,0,,0,1161315.062,20160810
20160810,IC1703,,,5806,5781.2,5791,1570,5787.8,5819,5787.8,81,94066520,1571,,,6359.2,5203.2,0,,11:00:20,0,5805.6,1,5806,1,,0,,0,,0,,0,,0,,0,,0,,0,1161315.062,20160810
20160810,IC1703,,,5805.6,5781.2,5791,1570,5787.8,5819,5787.8,82,95227640,1572,,,6359.2,5203.2,0,,11:00:24,500,5803,1,5806,1,,0,,0,,0,,0,,0,,0,,0,,0,1161312.683,20160810
20160810,IC1703,,,5805.6,5781.2,5791,1570,5787.8,5819,5787.8,82,95227640,1572,,,6359.2,5203.2,0,,11:00:25,500,5803,1,5806.6,1,,0,,0,,0,,0,,0,,0,,0,,0,1161312.683,20160810
20160810,IC1703,,,5805.6,5781.2,5791,1570,5787.8,5819,5787.8,82,95227640,1572,,,6359.2,5203.2,0,,11:00:38,0,5803,1,5806.4,1,,0,,0,,0,,0,,0,,0,,0,,0,1161312.683,20160810
20160810,IC1703,,,5805.6,5781.2,5791,1570,5787.8,5819,5787.8,82,95227640,1572,,,6359.2,5203.2,0,,11:00:47,0,5803,1,5806.6,1,,0,,0,,0,,0,,0,,0,,0,,0,1161312.683,20160810
20160810,IC1703,,,5805.6,5781.2,5791,1570,5787.8,5819,5787.8,82,95227640,1572,,,6359.2,5203.2,0,,11:01:04,0,5803,1,5806.4,1,,0,,0,,0,,0,,0,,0,,0,,0,1161312.683,20160810
20160810,IC1703,,,5805.6,5781.2,5791,1570,5787.8,5819,5787.8,82,95227640,1572,,,6359.2,5203.2,0,,11:01:04,500,5803,1,5806.6,1,,0,,0,,0,,0,,0,,0,,0,,0,1161312.683,20160810
20160810,IC1703,,,5805.6,5781.2,5791,1570,5787.8,5819,5787.8,82,95227640,1572,,,6359.2,5203.2,0,,11:01:05,0,5803,1,5806.2,1,,0,,0,,0,,0,,0,,0,,0,,0,1161312.683,20160810
20160810,IC1703,,,5805.6,5781.2,5791,1570,5787.8,5819,5787.8,82,95227640,1572,,,6359.2,5203.2,0,,11:01:05,500,5803,1,5806.6,1,,0,,0,,0,,0,,0,,0,,0,,0,1161312.683,20160810
20160810,IC1703,,,5805.6,5781.2,5791,1570,5787.8,5819,5787.8,82,95227640,1572,,,6359.2,5203.2,0,,11:01:07,0,5803,1,5805.8,1,,0,,0,,0,,0,,0,,0,,0,,0,1161312.683,20160810
20160810,IC1703,,,5805.6,5781.2,5791,1570,5787.8,5819,5787.8,82,95227640,1572,,,6359.2,5203.2,0,,11:01:09,500,5803,1,5806.6,1,,0,,0,,0,,0,,0,,0,,0,,0,1161312.683,20160810
20160810,IC1703,,,5805.6,5781.2,5791,1570,5787.8,5819,5787.8,82,95227640,1572,,,6359.2,5203.2,0,,11:01:11,500,5803,1,5806,1,,0,,0,,0,,0,,0,,0,,0,,0,1161312.683,20160810
20160810,IC1703,,,5805.6,5781.2,5791,1570,5787.8,5819,5787.8,82,95227640,1572,,,6359.2,5203.2,0,,11:01:12,500,5803,1,5806.6,1,,0,,0,,0,,0,,0,,0,,0,,0,1161312.683,20160810
20160810,IC1703,,,5805.6,5781.2,5791,1570,5787.8,5819,5787.8,82,95227640,1572,,,6359.2,5203.2,0,,11:01:21,500,5803,1,5806.2,1,,0,,0,,0,,0,,0,,0,,0,,0,1161312.683,20160810
20160810,IC1703,,,5805.6,5781.2,5791,1570,5787.8,5819,5787.8,82,95227640,1572,,,6359.2,5203.2,0,,11:01:24,500,5803,1,5806.6,1,,0,,0,,0,,0,,0,,0,,0,,0,1161312.683,20160810
20160810,IC1703,,,5805.6,5781.2,5791,1570,5787.8,5819,5787.8,82,95227640,1572,,,6359.2,5203.2,0,,11:01:34,500,5803,1,5806.4,1,,0,,0,,0,,0,,0,,0,,0,,0,1161312.683,20160810
20160810,IC1703,,,5805.6,5781.2,5791,1570,5787.8,5819,5787.8,82,95227640,1572,,,6359.2,5203.2,0,,11:01:38,500,5803,1,5806.6,1,,0,,0,,0,,0,,0,,0,,0,,0,1161312.683,20160810
20160810,IC1703,,,5805.6,5781.2,5791,1570,5787.8,5819,5787.8,82,95227640,1572,,,6359.2,5203.2,0,,11:01:48,500,5803,1,5806.4,1,,0,,0,,0,,0,,0,,0,,0,,0,1161312.683,20160810
20160810,IC1703,,,5805.6,5781.2,5791,1570,5787.8,5819,5787.8,82,95227640,1572,,,6359.2,5203.2,0,,11:01:51,0,5803,1,5806.6,1,,0,,0,,0,,0,,0,,0,,0,,0,1161312.683,20160810
20160810,IC1703,,,5805.6,5781.2,5791,1570,5787.8,5819,5787.8,82,95227640,1572,,,6359.2,5203.2,0,,11:02:09,0,5803,1,5806.6,1,,0,,0,,0,,0,,0,,0,,0,,0,1161312.683,20160810
20160810,IC1703,,,5805.6,5781.2,5791,1570,5787.8,5819,5787.8,82,95227640,1572,,,6359.2,5203.2,0,,11:02:11,500,5803,1,5808.8,1,,0,,0,,0,,0,,0,,0,,0,,0,1161312.683,20160810
20160810,IC1703,,,5805.6,5781.2,5791,1570,5787.8,5819,5787.8,82,95227640,1572,,,6359.2,5203.2,0,,11:02:12,500,5803,1,5807.4,1,,0,,0,,0,,0,,0,,0,,0,,0,1161312.683,20160810
20160810,IC1703,,,5805.6,5781.2,5791,1570,5787.8,5819,5787.8,82,95227640,1572,,,6359.2,5203.2,0,,11:02:20,0,5803,1,5807,1,,0,,0,,0,,0,,0,,0,,0,,0,1161312.683,20160810
20160810,IC1703,,,5805.6,5781.2,5791,1570,5787.8,5819,5787.8,82,95227640,1572,,,6359.2,5203.2,0,,11:02:21,0,5803,1,5806.2,1,,0,,0,,0,,0,,0,,0,,0,,0,1161312.683,20160810
20160810,IC1703,,,5803,5781.2,5791,1570,5787.8,5819,5787.8,83,96388240,1572,,,6359.2,5203.2,0,,11:02:21,500,5800,2,5806.2,1,,0,,0,,0,,0,,0,,0,,0,,0,1161304.096,20160810
20160810,IC1703,,,5803,5781.2,5791,1570,5787.8,5819,5787.8,83,96388240,1572,,,6359.2,5203.2,0,,11:02:22,0,5800,2,5807,1,,0,,0,,0,,0,,0,,0,,0,,0,1161304.096,20160810
20160810,IC1703,,,5803,5781.2,5791,1570,5787.8,5819,5787.8,83,96388240,1572,,,6359.2,5203.2,0,,11:02:22,500,5800,2,5806.8,1,,0,,0,,0,,0,,0,,0,,0,,0,1161304.096,20160810
20160810,IC1703,,,5803,5781.2,5791,1570,5787.8,5819,5787.8,83,96388240,1572,,,6359.2,5203.2,0,,11:02:23,0,5800,2,5806.8,2,,0,,0,,0,,0,,0,,0,,0,,0,1161304.096,20160810
20160810,IC1703,,,5803,5781.2,5791,1570,5787.8,5819,5787.8,83,96388240,1572,,,6359.2,5203.2,0,,11:02:25,500,5800,2,5806.8,2,,0,,0,,0,,0,,0,,0,,0,,0,1161304.096,20160810
20160810,IC1703,,,5803,5781.2,5791,1570,5787.8,5819,5787.8,83,96388240,1572,,,6359.2,5203.2,0,,11:02:26,500,5800,2,5806,1,,0,,0,,0,,0,,0,,0,,0,,0,1161304.096,20160810
20160810,IC1703,,,5803,5781.2,5791,1570,5787.8,5819,5787.8,83,96388240,1572,,,6359.2,5203.2,0,,11:02:27,0,5800,2,5806,1,,0,,0,,0,,0,,0,,0,,0,,0,1161304.096,20160810
20160810,IC1703,,,5803,5781.2,5791,1570,5787.8,5819,5787.8,83,96388240,1572,,,6359.2,5203.2,0,,11:02:36,0,5800.2,1,5806,1,,0,,0,,0,,0,,0,,0,,0,,0,1161304.096,20160810
20160810,IC1703,,,5806,5781.2,5791,1570,5787.8,5819,5787.8,84,97549440,1573,,,6359.2,5203.2,0,,11:02:36,500,5800.2,1,5806.8,1,,0,,0,,0,,0,,0,,0,,0,,0,1161302.857,20160810
20160810,IC1703,,,5806,5781.2,5791,1570,5787.8,5819,5787.8,84,97549440,1573,,,6359.2,5203.2,0,,11:02:37,0,5800.2,1,5806.6,1,,0,,0,,0,,0,,0,,0,,0,,0,1161302.857,20160810
20160810,IC1703,,,5806,5781.2,5791,1570,5787.8,5819,5787.8,84,97549440,1573,,,6359.2,5203.2,0,,11:02:39,0,5800.2,1,5806,1,,0,,0,,0,,0,,0,,0,,0,,0,1161302.857,20160810
20160810,IC1703,,,5806,5781.2,5791,1570,5787.8,5819,5787.8,84,97549440,1573,,,6359.2,5203.2,0,,11:02:39,500,5800,2,5806,1,,0,,0,,0,,0,,0,,0,,0,,0,1161302.857,20160810
20160810,IC1703,,,5806,5781.2,5791,1570,5787.8,5819,5787.8,84,97549440,1573,,,6359.2,5203.2,0,,11:02:40,0,5800,2,5806,1,,0,,0,,0,,0,,0,,0,,0,,0,1161302.857,20160810
20160810,IC1703,,,5806,5781.2,5791,1570,5787.8,5819,5787.8,84,97549440,1573,,,6359.2,5203.2,0,,11:03:16,500,5800.6,1,5803.2,1,,0,,0,,0,,0,,0,,0,,0,,0,1161302.857,20160810
20160810,IC1703,,,5806,5781.2,5791,1570,5787.8,5819,5787.8,84,97549440,1573,,,6359.2,5203.2,0,,11:03:27,0,5800,2,5803.2,1,,0,,0,,0,,0,,0,,0,,0,,0,1161302.857,20160810
20160810,IC1703,,,5806,5781.2,5791,1570,5787.8,5819,5787.8,84,97549440,1573,,,6359.2,5203.2,0,,11:03:30,500,5800,2,5803,1,,0,,0,,0,,0,,0,,0,,0,,0,1161302.857,20160810
20160810,IC1703,,,5806,5781.2,5791,1570,5787.8,5819,5787.8,84,97549440,1573,,,6359.2,5203.2,0,,11:03:34,0,5800,2,5803,1,,0,,0,,0,,0,,0,,0,,0,,0,1161302.857,20160810
20160810,IC1703,,,5806,5781.2,5791,1570,5787.8,5819,5787.8,84,97549440,1573,,,6359.2,5203.2,0,,11:03:39,0,5800,2,5803.2,1,,0,,0,,0,,0,,0,,0,,0,,0,1161302.857,20160810
20160810,IC1703,,,5806,5781.2,5791,1570,5787.8,5819,5787.8,84,97549440,1573,,,6359.2,5203.2,0,,11:03:43,0,5800.2,1,5806.8,1,,0,,0,,0,,0,,0,,0,,0,,0,1161302.857,20160810
20160810,IC1703,,,5806,5781.2,5791,1570,5787.8,5819,5787.8,84,97549440,1573,,,6359.2,5203.2,0,,11:03:44,0,5800.2,1,5804,1,,0,,0,,0,,0,,0,,0,,0,,0,1161302.857,20160810
20160810,IC1703,,,5800.2,5781.2,5791,1570,5787.8,5819,5787.8,85,98709480,1573,,,6359.2,5203.2,0,,11:03:52,0,5800,2,5804,1,,0,,0,,0,,0,,0,,0,,0,,0,1161288,20160810
20160810,IC1703,,,5800.2,5781.2,5791,1570,5787.8,5819,5787.8,85,98709480,1573,,,6359.2,5203.2,0,,11:03:55,0,5800,2,5803.8,1,,0,,0,,0,,0,,0,,0,,0,,0,1161288,20160810
20160810,IC1703,,,5800.2,5781.2,5791,1570,5787.8,5819,5787.8,85,98709480,1573,,,6359.2,5203.2,0,,11:03:55,500,5800,2,5802.4,1,,0,,0,,0,,0,,0,,0,,0,,0,1161288,20160810
20160810,IC1703,,,5800.2,5781.2,5791,1570,5787.8,5819,5787.8,85,98709480,1573,,,6359.2,5203.2,0,,11:03:59,0,5800,2,5803.8,1,,0,,0,,0,,0,,0,,0,,0,,0,1161288,20160810
20160810,IC1703,,,5800.2,5781.2,5791,1570,5787.8,5819,5787.8,85,98709480,1573,,,6359.2,5203.2,0,,11:03:59,500,5800,2,5803.2,1,,0,,0,,0,,0,,0,,0,,0,,0,1161288,20160810
20160810,IC1703,,,5800.2,5781.2,5791,1570,5787.8,5819,5787.8,85,98709480,1573,,,6359.2,5203.2,0,,11:04:00,0,5800,2,5803.8,1,,0,,0,,0,,0,,0,,0,,0,,0,1161288,20160810
20160810,IC1703,,,5800.2,5781.2,5791,1570,5787.8,5819,5787.8,85,98709480,1573,,,6359.2,5203.2,0,,11:04:00,500,5800,2,5803,1,,0,,0,,0,,0,,0,,0,,0,,0,1161288,20160810
20160810,IC1703,,,5800,5781.2,5791,1570,5787.8,5819,5787.8,86,99869480,1572,,,6359.2,5203.2,0,,11:04:01,0,5800,1,5803,1,,0,,0,,0,,0,,0,,0,,0,,0,1161273.023,20160810
20160810,IC1703,,,5800,5781.2,5791,1570,5787.8,5819,5787.8,86,99869480,1572,,,6359.2,5203.2,0,,11:04:12,0,5800,1,5803,1,,0,,0,,0,,0,,0,,0,,0,,0,1161273.023,20160810
20160810,IC1703,,,5800,5781.2,5791,1570,5787.8,5819,5787.8,86,99869480,1572,,,6359.2,5203.2,0,,11:04:13,0,5800,1,5802.8,1,,0,,0,,0,,0,,0,,0,,0,,0,1161273.023,20160810
20160810,IC1703,,,5800,5781.2,5791,1570,5787.8,5819,5787.8,86,99869480,1572,,,6359.2,5203.2,0,,11:04:13,500,5800,1,5802.8,1,,0,,0,,0,,0,,0,,0,,0,,0,1161273.023,20160810
20160810,IC1703,,,5800,5781.2,5791,1570,5787.8,5819,5787.8,86,99869480,1572,,,6359.2,5203.2,0,,11:04:14,0,5800,1,5802.4,1,,0,,0,,0,,0,,0,,0,,0,,0,1161273.023,20160810
20160810,IC1703,,,5800,5781.2,5791,1570,5787.8,5819,5787.8,86,99869480,1572,,,6359.2,5203.2,0,,11:04:15,500,5800,1,5802.8,1,,0,,0,,0,,0,,0,,0,,0,,0,1161273.023,20160810
20160810,IC1703,,,5800,5781.2,5791,1570,5787.8,5819,5787.8,86,99869480,1572,,,6359.2,5203.2,0,,11:04:20,500,5800,1,5802.2,1,,0,,0,,0,,0,,0,,0,,0,,0,1161273.023,20160810
20160810,IC1703,,,5800,5781.2,5791,1570,5787.8,5819,5787.8,87,101029480,1571,,,6359.2,5203.2,0,,11:04:22,0,5799,1,5802.2,1,,0,,0,,0,,0,,0,,0,,0,,0,1161258.391,20160810
20160810,IC1703,,,5800,5781.2,5791,1570,5787.8,5819,5787.8,87,101029480,1571,,,6359.2,5203.2,0,,11:04:23,500,5799,1,5802.8,1,,0,,0,,0,,0,,0,,0,,0,,0,1161258.391,20160810
20160810,IC1703,,,5800,5781.2,5791,1570,5787.8,5819,5787.8,87,101029480,1571,,,6359.2,5203.2,0,,11:04:27,500,5799,1,5806.8,1,,0,,0,,0,,0,,0,,0,,0,,0,1161258.391,20160810
20160810,IC1703,,,5800,5781.2,5791,1570,5787.8,5819,5787.8,87,101029480,1571,,,6359.2,5203.2,0,,11:04:28,0,5799,1,5802.2,1,,0,,0,,0,,0,,0,,0,,0,,0,1161258.391,20160810
20160810,IC1703,,,5799,5781.2,5791,1570,5787.8,5819,5787.8,88,102189280,1571,,,6359.2,5203.2,0,,11:04:31,0,5797,1,5802.2,1,,0,,0,,0,,0,,0,,0,,0,,0,1161241.818,20160810
20160810,IC1703,,,5799,5781.2,5791,1570,5787.8,5819,5787.8,88,102189280,1571,,,6359.2,5203.2,0,,11:04:43,0,5797,1,5799,1,,0,,0,,0,,0,,0,,0,,0,,0,1161241.818,20160810
20160810,IC1703,,,5799,5781.2,5791,1570,5787.8,5819,5787.8,88,102189280,1571,,,6359.2,5203.2,0,,11:04:43,500,5797,1,5799,1,,0,,0,,0,,0,,0,,0,,0,,0,1161241.818,20160810
20160810,IC1703,,,5799,5781.2,5791,1570,5787.8,5819,5787.8,88,102189280,1571,,,6359.2,5203.2,0,,11:04:44,500,5797,1,5806.8,1,,0,,0,,0,,0,,0,,0,,0,,0,1161241.818,20160810
20160810,IC1703,,,5799,5781.2,5791,1570,5787.8,5819,5787.8,88,102189280,1571,,,6359.2,5203.2,0,,11:04:45,0,5797.2,1,5801.8,1,,0,,0,,0,,0,,0,,0,,0,,0,1161241.818,20160810
20160810,IC1703,,,5799,5781.2,5791,1570,5787.8,5819,5787.8,88,102189280,1571,,,6359.2,5203.2,0,,11:04:45,500,5797,1,5801.8,1,,0,,0,,0,,0,,0,,0,,0,,0,1161241.818,20160810
20160810,IC1703,,,5799,5781.2,5791,1570,5787.8,5819,5787.8,88,102189280,1571,,,6359.2,5203.2,0,,11:04:53,500,5797,1,5799,1,,0,,0,,0,,0,,0,,0,,0,,0,1161241.818,20160810
20160810,IC1703,,,5799,5781.2,5791,1570,5787.8,5819,5787.8,88,102189280,1571,,,6359.2,5203.2,0,,11:04:54,500,5797,1,5799,1,,0,,0,,0,,0,,0,,0,,0,,0,1161241.818,20160810
20160810,IC1703,,,5799,5781.2,5791,1570,5787.8,5819,5787.8,88,102189280,1571,,,6359.2,5203.2,0,,11:04:57,0,5797,1,5806.8,1,,0,,0,,0,,0,,0,,0,,0,,0,1161241.818,20160810
20160810,IC1703,,,5799,5781.2,5791,1570,5787.8,5819,5787.8,88,102189280,1571,,,6359.2,5203.2,0,,11:04:57,500,5797.2,1,5806.8,1,,0,,0,,0,,0,,0,,0,,0,,0,1161241.818,20160810
20160810,IC1703,,,5799,5781.2,5791,1570,5787.8,5819,5787.8,88,102189280,1571,,,6359.2,5203.2,0,,11:04:58,0,5797.2,1,5802,1,,0,,0,,0,,0,,0,,0,,0,,0,1161241.818,20160810
20160810,IC1703,,,5799,5781.2,5791,1570,5787.8,5819,5787.8,88,102189280,1571,,,6359.2,5203.2,0,,11:04:58,500,5797,1,5802,1,,0,,0,,0,,0,,0,,0,,0,,0,1161241.818,20160810
20160810,IC1703,,,5799,5781.2,5791,1570,5787.8,5819,5787.8,88,102189280,1571,,,6359.2,5203.2,0,,11:05:10,0,5797,1,5800,1,,0,,0,,0,,0,,0,,0,,0,,0,1161241.818,20160810
20160810,IC1703,,,5797,5781.2,5791,1570,5787.8,5819,5787.8,89,103348680,1571,,,6359.2,5203.2,0,,11:05:10,500,5791.8,1,5800,1,,0,,0,,0,,0,,0,,0,,0,,0,1161221.124,20160810
20160810,IC1703,,,5797,5781.2,5791,1570,5787.8,5819,5787.8,89,103348680,1571,,,6359.2,5203.2,0,,11:05:11,0,5791.8,1,5799.8,1,,0,,0,,0,,0,,0,,0,,0,,0,1161221.124,20160810
20160810,IC1703,,,5797,5781.2,5791,1570,5787.8,5819,5787.8,89,103348680,1571,,,6359.2,5203.2,0,,11:05:11,500,5793.4,1,5799.8,2,,0,,0,,0,,0,,0,,0,,0,,0,1161221.124,20160810
20160810,IC1703,,,5797,5781.2,5791,1570,5787.8,5819,5787.8,89,103348680,1571,,,6359.2,5203.2,0,,11:05:12,0,5793.4,1,5800,1,,0,,0,,0,,0,,0,,0,,0,,0,1161221.124,20160810
20160810,IC1703,,,5797,5781.2,5791,1570,5787.8,5819,5787.8,89,103348680,1571,,,6359.2,5203.2,0,,11:05:12,500,5793.4,1,5799.8,1,,0,,0,,0,,0,,0,,0,,0,,0,1161221.124,20160810
20160810,IC1703,,,5797,5781.2,5791,1570,5787.8,5819,5787.8,89,103348680,1571,,,6359.2,5203.2,0,,11:05:16,500,5794,1,5799.8,1,,0,,0,,0,,0,,0,,0,,0,,0,1161221.124,20160810
20160810,IC1703,,,5797,5781.2,5791,1570,5787.8,5819,5787.8,89,103348680,1571,,,6359.2,5203.2,0,,11:05:17,0,5794,1,5799.8,1,,0,,0,,0,,0,,0,,0,,0,,0,1161221.124,20160810
20160810,IC1703,,,5794,5781.2,5791,1570,5787.8,5819,5787.8,90,104507480,1572,,,6359.2,5203.2,0,,11:05:22,0,5791.8,1,5799.8,1,,0,,0,,0,,0,,0,,0,,0,,0,1161194.222,20160810
20160810,IC1703,,,5794,5781.2,5791,1570,5787.8,5819,5787.8,90,104507480,1572,,,6359.2,5203.2,0,,11:05:23,0,5793.6,1,5799.8,1,,0,,0,,0,,0,,0,,0,,0,,0,1161194.222,20160810
20160810,IC1703,,,5794,5781.2,5791,1570,5787.8,5819,5787.8,90,104507480,1572,,,6359.2,5203.2,0,,11:05:28,500,5791.8,1,5799.8,1,,0,,0,,0,,0,,0,,0,,0,,0,1161194.222,20160810
20160810,IC1703,,,5794,5781.2,5791,1570,5787.8,5819,5787.8,90,104507480,1572,,,6359.2,5203.2,0,,11:05:29,0,5793.2,1,5799.8,1,,0,,0,,0,,0,,0,,0,,0,,0,1161194.222,20160810
20160810,IC1703,,,5794,5781.2,5791,1570,5787.8,5819,5787.8,90,104507480,1572,,,6359.2,5203.2,0,,11:05:31,500,5792.6,1,5799.6,1,,0,,0,,0,,0,,0,,0,,0,,0,1161194.222,20160810
20160810,IC1703,,,5794,5781.2,5791,1570,5787.8,5819,5787.8,90,104507480,1572,,,6359.2,5203.2,0,,11:05:32,0,5792.6,1,5799.6,1,,0,,0,,0,,0,,0,,0,,0,,0,1161194.222,20160810
20160810,IC1703,,,5794,5781.2,5791,1570,5787.8,5819,5787.8,90,104507480,1572,,,6359.2,5203.2,0,,11:05:32,500,5792.6,1,5799.4,1,,0,,0,,0,,0,,0,,0,,0,,0,1161194.222,20160810
20160810,IC1703,,,5794,5781.2,5791,1570,5787.8,5819,5787.8,90,104507480,1572,,,6359.2,5203.2,0,,11:05:33,500,5792.6,1,5799.4,1,,0,,0,,0,,0,,0,,0,,0,,0,1161194.222,20160810
20160810,IC1703,,,5794,5781.2,5791,1570,5787.8,5819,5787.8,90,104507480,1572,,,6359.2,5203.2,0,,11:05:35,0,5791.8,1,5799.4,1,,0,,0,,0,,0,,0,,0,,0,,0,1161194.222,20160810
20160810,IC1703,,,5794,5781.2,5791,1570,5787.8,5819,5787.8,90,104507480,1572,,,6359.2,5203.2,0,,11:05:35,500,5791.8,1,5799.2,1,,0,,0,,0,,0,,0,,0,,0,,0,1161194.222,20160810
20160810,IC1703,,,5794,5781.2,5791,1570,5787.8,5819,5787.8,90,104507480,1572,,,6359.2,5203.2,0,,11:05:36,0,5791.8,1,5799.2,1,,0,,0,,0,,0,,0,,0,,0,,0,1161194.222,20160810
20160810,IC1703,,,5794,5781.2,5791,1570,5787.8,5819,5787.8,90,104507480,1572,,,6359.2,5203.2,0,,11:05:36,500,5791.8,1,5799,1,,0,,0,,0,,0,,0,,0,,0,,0,1161194.222,20160810
20160810,IC1703,,,5794,5781.2,5791,1570,5787.8,5819,5787.8,90,104507480,1572,,,6359.2,5203.2,0,,11:05:37,0,5791.8,1,5799,1,,0,,0,,0,,0,,0,,0,,0,,0,1161194.222,20160810
20160810,IC1703,,,5794,5781.2,5791,1570,5787.8,5819,5787.8,90,104507480,1572,,,6359.2,5203.2,0,,11:05:40,0,5791.8,1,5799,1,,0,,0,,0,,0,,0,,0,,0,,0,1161194.222,20160810
20160810,IC1703,,,5794,5781.2,5791,1570,5787.8,5819,5787.8,90,104507480,1572,,,6359.2,5203.2,0,,11:05:42,500,5792,1,5799,1,,0,,0,,0,,0,,0,,0,,0,,0,1161194.222,20160810
20160810,IC1703,,,5794,5781.2,5791,1570,5787.8,5819,5787.8,90,104507480,1572,,,6359.2,5203.2,0,,11:05:53,500,5792,1,5799,1,,0,,0,,0,,0,,0,,0,,0,,0,1161194.222,20160810
20160810,IC1703,,,5794,5781.2,5791,1570,5787.8,5819,5787.8,90,104507480,1572,,,6359.2,5203.2,0,,11:06:02,0,5792,1,5808,1,,0,,0,,0,,0,,0,,0,,0,,0,1161194.222,20160810
20160810,IC1703,,,5794,5781.2,5791,1570,5787.8,5819,5787.8,90,104507480,1572,,,6359.2,5203.2,0,,11:06:02,500,5792.2,1,5807.8,1,,0,,0,,0,,0,,0,,0,,0,,0,1161194.222,20160810
20160810,IC1703,,,5794,5781.2,5791,1570,5787.8,5819,5787.8,90,104507480,1572,,,6359.2,5203.2,0,,11:06:03,0,5792.2,1,5802,1,,0,,0,,0,,0,,0,,0,,0,,0,1161194.222,20160810
20160810,IC1703,,,5794,5781.2,5791,1570,5787.8,5819,5787.8,90,104507480,1572,,,6359.2,5203.2,0,,11:06:03,500,5794.2,1,5801.8,1,,0,,0,,0,,0,,0,,0,,0,,0,1161194.222,20160810
20160810,IC1703,,,5794,5781.2,5791,1570,5787.8,5819,5787.8,90,104507480,1572,,,6359.2,5203.2,0,,11:06:04,0,5794.2,1,5801.8,1,,0,,0,,0,,0,,0,,0,,0,,0,1161194.222,20160810
20160810,IC1703,,,5794,5781.2,5791,1570,5787.8,5819,5787.8,90,104507480,1572,,,6359.2,5203.2,0,,11:06:11,0,5794.6,1,5801.8,1,,0,,0,,0,,0,,0,,0,,0,,0,1161194.222,20160810
20160810,IC1703,,,5794,5781.2,5791,1570,5787.8,5819,5787.8,90,104507480,1572,,,6359.2,5203.2,0,,11:06:12,0,5794.6,1,5801.8,1,,0,,0,,0,,0,,0,,0,,0,,0,1161194.222,20160810
20160810,IC1703,,,5794,5781.2,5791,1570,5787.8,5819,5787.8,90,104507480,1572,,,6359.2,5203.2,0,,11:06:17,500,5794.8,1,5801.8,1,,0,,0,,0,,0,,0,,0,,0,,0,1161194.222,20160810
20160810,IC1703,,,5794,5781.2,5791,1570,5787.8,5819,5787.8,90,104507480,1572,,,6359.2,5203.2,0,,11:06:18,500,5794.8,1,5801.6,1,,0,,0,,0,,0,,0,,0,,0,,0,1161194.222,20160810
20160810,IC1703,,,5794,5781.2,5791,1570,5787.8,5819,5787.8,90,104507480,1572,,,6359.2,5203.2,0,,11:06:19,0,5794.8,1,5801.4,1,,0,,0,,0,,0,,0,,0,,0,,0,1161194.222,20160810
20160810,IC1703,,,5794,5781.2,5791,1570,5787.8,5819,5787.8,90,104507480,1572,,,6359.2,5203.2,0,,11:06:22,0,5794.8,1,5801.4,1,,0,,0,,0,,0,,0,,0,,0,,0,1161194.222,20160810
20160810,IC1703,,,5794,5781.2,5791,1570,5787.8,5819,5787.8,90,104507480,1572,,,6359.2,5203.2,0,,11:06:23,0,5794.8,1,5801.4,1,,0,,0,,0,,0,,0,,0,,0,,0,1161194.222,20160810
20160810,IC1703,,,5794,5781.2,5791,1570,5787.8,5819,5787.8,90,104507480,1572,,,6359.2,5203.2,0,,11:06:36,0,5792.2,1,5801.4,1,,0,,0,,0,,0,,0,,0,,0,,0,1161194.222,20160810
20160810,IC1703,,,5794,5781.2,5791,1570,5787.8,5819,5787.8,90,104507480,1572,,,6359.2,5203.2,0,,11:06:36,500,5792.2,1,5801.2,1,,0,,0,,0,,0,,0,,0,,0,,0,1161194.222,20160810
20160810,IC1703,,,5794,5781.2,5791,1570,5787.8,5819,5787.8,90,104507480,1572,,,6359.2,5203.2,0,,11:06:37,0,5793.8,1,5801.2,1,,0,,0,,0,,0,,0,,0,,0,,0,1161194.222,20160810
20160810,IC1703,,,5794,5781.2,5791,1570,5787.8,5819,5787.8,90,104507480,1572,,,6359.2,5203.2,0,,11:06:37,500,5793.8,1,5801,1,,0,,0,,0,,0,,0,,0,,0,,0,1161194.222,20160810
20160810,IC1703,,,5794,5781.2,5791,1570,5787.8,5819,5787.8,90,104507480,1572,,,6359.2,5203.2,0,,11:06:38,500,5792.2,1,5800.4,1,,0,,0,,0,,0,,0,,0,,0,,0,1161194.222,20160810
20160810,IC1703,,,5794,5781.2,5791,1570,5787.8,5819,5787.8,90,104507480,1572,,,6359.2,5203.2,0,,11:06:39,0,5793.4,1,5800.2,1,,0,,0,,0,,0,,0,,0,,0,,0,1161194.222,20160810
20160810,IC1703,,,5794,5781.2,5791,1570,5787.8,5819,5787.8,90,104507480,1572,,,6359.2,5203.2,0,,11:06:39,500,5793.4,1,5800.2,1,,0,,0,,0,,0,,0,,0,,0,,0,1161194.222,20160810
20160810,IC1703,,,5794,5781.2,5791,1570,5787.8,5819,5787.8,90,104507480,1572,,,6359.2,5203.2,0,,11:06:41,0,5793.4,1,5800.2,1,,0,,0,,0,,0,,0,,0,,0,,0,1161194.222,20160810
20160810,IC1703,,,5794,5781.2,5791,1570,5787.8,5819,5787.8,90,104507480,1572,,,6359.2,5203.2,0,,11:06:48,500,5793.6,1,5800.2,1,,0,,0,,0,,0,,0,,0,,0,,0,1161194.222,20160810
20160810,IC1703,,,5794,5781.2,5791,1570,5787.8,5819,5787.8,90,104507480,1572,,,6359.2,5203.2,0,,11:06:49,500,5793.8,1,5800.2,1,,0,,0,,0,,0,,0,,0,,0,,0,1161194.222,20160810
20160810,IC1703,,,5794,5781.2,5791,1570,5787.8,5819,5787.8,90,104507480,1572,,,6359.2,5203.2,0,,11:06:54,500,5794.4,1,5800.2,1,,0,,0,,0,,0,,0,,0,,0,,0,1161194.222,20160810
20160810,IC1703,,,5794,5781.2,5791,1570,5787.8,5819,5787.8,90,104507480,1572,,,6359.2,5203.2,0,,11:06:55,0,5794.4,1,5800.2,1,,0,,0,,0,,0,,0,,0,,0,,0,1161194.222,20160810
20160810,IC1703,,,5794,5781.2,5791,1570,5787.8,5819,5787.8,90,104507480,1572,,,6359.2,5203.2,0,,11:07:00,500,5794.6,1,5800.2,1,,0,,0,,0,,0,,0,,0,,0,,0,1161194.222,20160810
20160810,IC1703,,,5794,5781.2,5791,1570,5787.8,5819,5787.8,90,104507480,1572,,,6359.2,5203.2,0,,11:07:03,500,5794.4,1,5800.2,1,,0,,0,,0,,0,,0,,0,,0,,0,1161194.222,20160810
20160810,IC1703,,,5794,5781.2,5791,1570,5787.8,5819,5787.8,90,104507480,1572,,,6359.2,5203.2,0,,11:07:09,0,5794.4,1,5800,1,,0,,0,,0,,0,,0,,0,,0,,0,1161194.222,20160810
20160810,IC1703,,,5794,5781.2,5791,1570,5787.8,5819,5787.8,90,104507480,1572,,,6359.2,5203.2,0,,11:07:35,500,5791.8,1,5800,1,,0,,0,,0,,0,,0,,0,,0,,0,1161194.222,20160810
20160810,IC1703,,,5794,5781.2,5791,1570,5787.8,5819,5787.8,90,104507480,1572,,,6359.2,5203.2,0,,11:07:36,0,5791.8,1,5799.8,2,,0,,0,,0,,0,,0,,0,,0,,0,1161194.222,20160810
20160810,IC1703,,,5794,5781.2,5791,1570,5787.8,5819,5787.8,90,104507480,1572,,,6359.2,5203.2,0,,11:07:39,0,5791.8,1,5799.6,1,,0,,0,,0,,0,,0,,0,,0,,0,1161194.222,20160810
20160810,IC1703,,,5794,5781.2,5791,1570,5787.8,5819,5787.8,90,104507480,1572,,,6359.2,5203.2,0,,11:07:39,500,5792.8,1,5799.4,1,,0,,0,,0,,0,,0,,0,,0,,0,1161194.222,20160810
20160810,IC1703,,,5794,5781.2,5791,1570,5787.8,5819,5787.8,90,104507480,1572,,,6359.2,5203.2,0,,11:07:40,0,5792.8,1,5799.4,1,,0,,0,,0,,0,,0,,0,,0,,0,1161194.222,20160810
20160810,IC1703,,,5794,5781.2,5791,1570,5787.8,5819,5787.8,90,104507480,1572,,,6359.2,5203.2,0,,11:07:43,0,5792.8,1,5799,1,,0,,0,,0,,0,,0,,0,,0,,0,1161194.222,20160810
20160810,IC1703,,,5794,5781.2,5791,1570,5787.8,5819,5787.8,90,104507480,1572,,,6359.2,5203.2,0,,11:07:51,500,5792.8,1,5799.4,1,,0,,0,,0,,0,,0,,0,,0,,0,1161194.222,20160810
20160810,IC1703,,,5794,5781.2,5791,1570,5787.8,5819,5787.8,90,104507480,1572,,,6359.2,5203.2,0,,11:07:55,500,5793,1,5799.4,1,,0,,0,,0,,0,,0,,0,,0,,0,1161194.222,20160810
20160810,IC1703,,,5794,5781.2,5791,1570,5787.8,5819,5787.8,90,104507480,1572,,,6359.2,5203.2,0,,11:07:56,0,5793,1,5799.4,1,,0,,0,,0,,0,,0,,0,,0,,0,1161194.222,20160810
20160810,IC1703,,,5794,5781.2,5791,1570,5787.8,5819,5787.8,90,104507480,1572,,,6359.2,5203.2,0,,11:07:59,0,5793.4,1,5799.4,1,,0,,0,,0,,0,,0,,0,,0,,0,1161194.222,20160810
20160810,IC1703,,,5794,5781.2,5791,1570,5787.8,5819,5787.8,90,104507480,1572,,,6359.2,5203.2,0,,11:08:04,500,5793.8,1,5799.4,1,,0,,0,,0,,0,,0,,0,,0,,0,1161194.222,20160810
20160810,IC1703,,,5794,5781.2,5791,1570,5787.8,5819,5787.8,90,104507480,1572,,,6359.2,5203.2,0,,11:08:05,0,5793.8,1,5799.4,1,,0,,0,,0,,0,,0,,0,,0,,0,1161194.222,20160810
20160810,IC1703,,,5794,5781.2,5791,1570,5787.8,5819,5787.8,90,104507480,1572,,,6359.2,5203.2,0,,11:08:19,0,5791.8,1,5799.4,1,,0,,0,,0,,0,,0,,0,,0,,0,1161194.222,20160810
20160810,IC1703,,,5794,5781.2,5791,1570,5787.8,5819,5787.8,90,104507480,1572,,,6359.2,5203.2,0,,11:08:20,500,5791.8,1,5799.2,1,,0,,0,,0,,0,,0,,0,,0,,0,1161194.222,20160810
20160810,IC1703,,,5794,5781.2,5791,1570,5787.8,5819,5787.8,90,104507480,1572,,,6359.2,5203.2,0,,11:08:21,0,5791.8,1,5799,1,,0,,0,,0,,0,,0,,0,,0,,0,1161194.222,20160810
20160810,IC1703,,,5794,5781.2,5791,1570,5787.8,5819,5787.8,90,104507480,1572,,,6359.2,5203.2,0,,11:08:21,500,5791.8,1,5799,1,,0,,0,,0,,0,,0,,0,,0,,0,1161194.222,20160810
20160810,IC1703,,,5794,5781.2,5791,1570,5787.8,5819,5787.8,90,104507480,1572,,,6359.2,5203.2,0,,11:08:23,0,5792.2,1,5799,1,,0,,0,,0,,0,,0,,0,,0,,0,1161194.222,20160810
20160810,IC1703,,,5794,5781.2,5791,1570,5787.8,5819,5787.8,90,104507480,1572,,,6359.2,5203.2,0,,11:08:23,500,5791.8,1,5799,1,,0,,0,,0,,0,,0,,0,,0,,0,1161194.222,20160810
20160810,IC1703,,,5794,5781.2,5791,1570,5787.8,5819,5787.8,90,104507480,1572,,,6359.2,5203.2,0,,11:08:28,500,5792,1,5799,1,,0,,0,,0,,0,,0,,0,,0,,0,1161194.222,20160810
20160810,IC1703,,,5794,5781.2,5791,1570,5787.8,5819,5787.8,90,104507480,1572,,,6359.2,5203.2,0,,11:08:29,0,5792,1,5798.6,1,,0,,0,,0,,0,,0,,0,,0,,0,1161194.222,20160810
20160810,IC1703,,,5794,5781.2,5791,1570,5787.8,5819,5787.8,90,104507480,1572,,,6359.2,5203.2,0,,11:08:29,500,5791.8,1,5798.4,1,,0,,0,,0,,0,,0,,0,,0,,0,1161194.222,20160810
20160810,IC1703,,,5794,5781.2,5791,1570,5787.8,5819,5787.8,90,104507480,1572,,,6359.2,5203.2,0,,11:08:33,0,5791.8,1,5798.4,1,,0,,0,,0,,0,,0,,0,,0,,0,1161194.222,20160810
20160810,IC1703,,,5794,5781.2,5791,1570,5787.8,5819,5787.8,90,104507480,1572,,,6359.2,5203.2,0,,11:08:40,500,5791.8,1,5797,1,,0,,0,,0,,0,,0,,0,,0,,0,1161194.222,20160810
20160810,IC1703,,,5794,5781.2,5791,1570,5787.8,5819,5787.8,90,104507480,1572,,,6359.2,5203.2,0,,11:08:42,0,5791.8,1,5798.4,1,,0,,0,,0,,0,,0,,0,,0,,0,1161194.222,20160810
20160810,IC1703,,,5794,5781.2,5791,1570,5787.8,5819,5787.8,90,104507480,1572,,,6359.2,5203.2,0,,11:08:43,500,5791.8,1,5797.4,1,,0,,0,,0,,0,,0,,0,,0,,0,1161194.222,20160810
20160810,IC1703,,,5794,5781.2,5791,1570,5787.8,5819,5787.8,90,104507480,1572,,,6359.2,5203.2,0,,11:08:45,0,5791.8,1,5798.4,1,,0,,0,,0,,0,,0,,0,,0,,0,1161194.222,20160810
20160810,IC1703,,,5794,5781.2,5791,1570,5787.8,5819,5787.8,90,104507480,1572,,,6359.2,5203.2,0,,11:08:50,500,5792,1,5798.4,1,,0,,0,,0,,0,,0,,0,,0,,0,1161194.222,20160810
20160810,IC1703,,,5794,5781.2,5791,1570,5787.8,5819,5787.8,90,104507480,1572,,,6359.2,5203.2,0,,11:08:54,0,5793.4,1,5798.4,1,,0,,0,,0,,0,,0,,0,,0,,0,1161194.222,20160810
20160810,IC1703,,,5794,5781.2,5791,1570,5787.8,5819,5787.8,90,104507480,1572,,,6359.2,5203.2,0,,11:08:54,500,5793.4,1,5798.2,1,,0,,0,,0,,0,,0,,0,,0,,0,1161194.222,20160810
20160810,IC1703,,,5794,5781.2,5791,1570,5787.8,5819,5787.8,90,104507480,1572,,,6359.2,5203.2,0,,11:08:56,0,5792,1,5798.2,1,,0,,0,,0,,0,,0,,0,,0,,0,1161194.222,20160810
20160810,IC1703,,,5794,5781.2,5791,1570,5787.8,5819,5787.8,90,104507480,1572,,,6359.2,5203.2,0,,11:08:59,500,5792.2,1,5798.2,1,,0,,0,,0,,0,,0,,0,,0,,0,1161194.222,20160810
20160810,IC1703,,,5794,5781.2,5791,1570,5787.8,5819,5787.8,90,104507480,1572,,,6359.2,5203.2,0,,11:09:00,500,5792,1,5798.2,1,,0,,0,,0,,0,,0,,0,,0,,0,1161194.222,20160810
20160810,IC1703,,,5794,5781.2,5791,1570,5787.8,5819,5787.8,90,104507480,1572,,,6359.2,5203.2,0,,11:09:01,500,5792.8,1,5798.2,1,,0,,0,,0,,0,,0,,0,,0,,0,1161194.222,20160810
20160810,IC1703,,,5794,5781.2,5791,1570,5787.8,5819,5787.8,90,104507480,1572,,,6359.2,5203.2,0,,11:09:02,500,5792,1,5798.2,1,,0,,0,,0,,0,,0,,0,,0,,0,1161194.222,20160810
20160810,IC1703,,,5794,5781.2,5791,1570,5787.8,5819,5787.8,90,104507480,1572,,,6359.2,5203.2,0,,11:09:05,500,5792.6,1,5798.2,1,,0,,0,,0,,0,,0,,0,,0,,0,1161194.222,20160810
20160810,IC1703,,,5794,5781.2,5791,1570,5787.8,5819,5787.8,90,104507480,1572,,,6359.2,5203.2,0,,11:09:12,0,5792.6,1,5798.2,1,,0,,0,,0,,0,,0,,0,,0,,0,1161194.222,20160810
20160810,IC1703,,,5794,5781.2,5791,1570,5787.8,5819,5787.8,90,104507480,1572,,,6359.2,5203.2,0,,11:09:18,500,5792,1,5798.2,1,,0,,0,,0,,0,,0,,0,,0,,0,1161194.222,20160810
20160810,IC1703,,,5794,5781.2,5791,1570,5787.8,5819,5787.8,90,104507480,1572,,,6359.2,5203.2,0,,11:09:23,0,5792.6,1,5798.2,1,,0,,0,,0,,0,,0,,0,,0,,0,1161194.222,20160810
20160810,IC1703,,,5794,5781.2,5791,1570,5787.8,5819,5787.8,90,104507480,1572,,,6359.2,5203.2,0,,11:09:41,0,5792.6,1,5798.2,1,,0,,0,,0,,0,,0,,0,,0,,0,1161194.222,20160810
20160810,IC1703,,,5794,5781.2,5791,1570,5787.8,5819,5787.8,90,104507480,1572,,,6359.2,5203.2,0,,11:09:51,500,5791.8,1,5798.2,1,,0,,0,,0,,0,,0,,0,,0,,0,1161194.222,20160810
20160810,IC1703,,,5794,5781.2,5791,1570,5787.8,5819,5787.8,90,104507480,1572,,,6359.2,5203.2,0,,11:10:00,0,5792,1,5798.2,1,,0,,0,,0,,0,,0,,0,,0,,0,1161194.222,20160810
20160810,IC1703,,,5794,5781.2,5791,1570,5787.8,5819,5787.8,90,104507480,1572,,,6359.2,5203.2,0,,11:10:09,0,5792.2,1,5798.2,1,,0,,0,,0,,0,,0,,0,,0,,0,1161194.222,20160810
20160810,IC1703,,,5794,5781.2,5791,1570,5787.8,5819,5787.8,90,104507480,1572,,,6359.2,5203.2,0,,11:10:09,500,5792.6,1,5798.2,1,,0,,0,,0,,0,,0,,0,,0,,0,1161194.222,20160810
20160810,IC1703,,,5794,5781.2,5791,1570,5787.8,5819,5787.8,90,104507480,1572,,,6359.2,5203.2,0,,11:10:13,0,5792.6,1,5798.2,1,,0,,0,,0,,0,,0,,0,,0,,0,1161194.222,20160810
20160810,IC1703,,,5794,5781.2,5791,1570,5787.8,5819,5787.8,90,104507480,1572,,,6359.2,5203.2,0,,11:10:16,0,5792.6,1,5798.2,1,,0,,0,,0,,0,,0,,0,,0,,0,1161194.222,20160810
20160810,IC1703,,,5794,5781.2,5791,1570,5787.8,5819,5787.8,90,104507480,1572,,,6359.2,5203.2,0,,11:10:16,500,5793.6,1,5798.2,1,,0,,0,,0,,0,,0,,0,,0,,0,1161194.222,20160810
20160810,IC1703,,,5794,5781.2,5791,1570,5787.8,5819,5787.8,90,104507480,1572,,,6359.2,5203.2,0,,11:10:17,0,5793.6,1,5798.2,1,,0,,0,,0,,0,,0,,0,,0,,0,1161194.222,20160810
20160810,IC1703,,,5794,5781.2,5791,1570,5787.8,5819,5787.8,90,104507480,1572,,,6359.2,5203.2,0,,11:10:17,500,5793.8,1,5798.2,1,,0,,0,,0,,0,,0,,0,,0,,0,1161194.222,20160810
20160810,IC1703,,,5794,5781.2,5791,1570,5787.8,5819,5787.8,90,104507480,1572,,,6359.2,5203.2,0,,11:10:21,0,5793.6,1,5798.2,1,,0,,0,,0,,0,,0,,0,,0,,0,1161194.222,20160810
20160810,IC1703,,,5794,5781.2,5791,1570,5787.8,5819,5787.8,90,104507480,1572,,,6359.2,5203.2,0,,11:10:34,500,5793.8,1,5798.2,1,,0,,0,,0,,0,,0,,0,,0,,0,1161194.222,20160810
20160810,IC1703,,,5794,5781.2,5791,1570,5787.8,5819,5787.8,90,104507480,1572,,,6359.2,5203.2,0,,11:10:47,0,5794,1,5798.2,1,,0,,0,,0,,0,,0,,0,,0,,0,1161194.222,20160810
20160810,IC1703,,,5794,5781.2,5791,1570,5787.8,5819,5787.8,90,104507480,1572,,,6359.2,5203.2,0,,11:10:47,500,5794,1,5798.2,1,,0,,0,,0,,0,,0,,0,,0,,0,1161194.222,20160810
20160810,IC1703,,,5794,5781.2,5791,1570,5787.8,5819,5787.8,90,104507480,1572,,,6359.2,5203.2,0,,11:10:58,500,5793.6,1,5798.2,1,,0,,0,,0,,0,,0,,0,,0,,0,1161194.222,20160810
20160810,IC1703,,,5794,5781.2,5791,1570,5787.8,5819,5787.8,90,104507480,1572,,,6359.2,5203.2,0,,11:11:00,500,5791.8,2,5798.2,1,,0,,0,,0,,0,,0,,0,,0,,0,1161194.222,20160810
20160810,IC1703,,,5794,5781.2,5791,1570,5787.8,5819,5787.8,90,104507480,1572,,,6359.2,5203.2,0,,11:11:01,0,5792.4,1,5798.2,1,,0,,0,,0,,0,,0,,0,,0,,0,1161194.222,20160810
20160810,IC1703,,,5794,5781.2,5791,1570,5787.8,5819,5787.8,90,104507480,1572,,,6359.2,5203.2,0,,11:11:17,0,5791.8,2,5798.2,1,,0,,0,,0,,0,,0,,0,,0,,0,1161194.222,20160810
20160810,IC1703,,,5794,5781.2,5791,1570,5787.8,5819,5787.8,90,104507480,1572,,,6359.2,5203.2,0,,11:11:23,0,5791.8,1,5798.2,1,,0,,0,,0,,0,,0,,0,,0,,0,1161194.222,20160810
20160810,IC1703,,,5794,5781.2,5791,1570,5787.8,5819,5787.8,90,104507480,1572,,,6359.2,5203.2,0,,11:11:26,0,5791.8,1,5797.8,1,,0,,0,,0,,0,,0,,0,,0,,0,1161194.222,20160810
20160810,IC1703,,,5794,5781.2,5791,1570,5787.8,5819,5787.8,90,104507480,1572,,,6359.2,5203.2,0,,11:11:27,0,5791.8,1,5798.2,1,,0,,0,,0,,0,,0,,0,,0,,0,1161194.222,20160810
20160810,IC1703,,,5794,5781.2,5791,1570,5787.8,5819,5787.8,90,104507480,1572,,,6359.2,5203.2,0,,11:11:32,0,5791.8,1,5798.2,1,,0,,0,,0,,0,,0,,0,,0,,0,1161194.222,20160810
20160810,IC1703,,,5794,5781.2,5791,1570,5787.8,5819,5787.8,90,104507480,1572,,,6359.2,5203.2,0,,11:11:36,500,5792.2,1,5798.2,1,,0,,0,,0,,0,,0,,0,,0,,0,1161194.222,20160810
20160810,IC1703,,,5794,5781.2,5791,1570,5787.8,5819,5787.8,90,104507480,1572,,,6359.2,5203.2,0,,11:11:41,500,5792.2,1,5796.6,1,,0,,0,,0,,0,,0,,0,,0,,0,1161194.222,20160810
20160810,IC1703,,,5794,5781.2,5791,1570,5787.8,5819,5787.8,90,104507480,1572,,,6359.2,5203.2,0,,11:11:42,0,5792.2,1,5798.2,1,,0,,0,,0,,0,,0,,0,,0,,0,1161194.222,20160810
20160810,IC1703,,,5794,5781.2,5791,1570,5787.8,5819,5787.8,90,104507480,1572,,,6359.2,5203.2,0,,11:11:58,0,5792.6,1,5798.2,1,,0,,0,,0,,0,,0,,0,,0,,0,1161194.222,20160810
20160810,IC1703,,,5794,5781.2,5791,1570,5787.8,5819,5787.8,90,104507480,1572,,,6359.2,5203.2,0,,11:11:58,500,5792.2,1,5798.2,1,,0,,0,,0,,0,,0,,0,,0,,0,1161194.222,20160810
20160810,IC1703,,,5794,5781.2,5791,1570,5787.8,5819,5787.8,90,104507480,1572,,,6359.2,5203.2,0,,11:12:31,500,5792.6,1,5797.8,1,,0,,0,,0,,0,,0,,0,,0,,0,1161194.222,20160810
20160810,IC1703,,,5794,5781.2,5791,1570,5787.8,5819,5787.8,90,104507480,1572,,,6359.2,5203.2,0,,11:12:34,0,5792.6,1,5798.2,1,,0,,0,,0,,0,,0,,0,,0,,0,1161194.222,20160810
20160810,IC1703,,,5794,5781.2,5791,1570,5787.8,5819,5787.8,90,104507480,1572,,,6359.2,5203.2,0,,11:12:46,0,5792.6,1,5798,1,,0,,0,,0,,0,,0,,0,,0,,0,1161194.222,20160810
20160810,IC1703,,,5794,5781.2,5791,1570,5787.8,5819,5787.8,90,104507480,1572,,,6359.2,5203.2,0,,11:13:31,500,5792.6,1,5798,1,,0,,0,,0,,0,,0,,0,,0,,0,1161194.222,20160810
20160810,IC1703,,,5794,5781.2,5791,1570,5787.8,5819,5787.8,90,104507480,1572,,,6359.2,5203.2,0,,11:13:49,500,5792.2,1,5798,1,,0,,0,,0,,0,,0,,0,,0,,0,1161194.222,20160810
20160810,IC1703,,,5794,5781.2,5791,1570,5787.8,5819,5787.8,90,104507480,1572,,,6359.2,5203.2,0,,11:13:52,0,5792.2,1,5797,1,,0,,0,,0,,0,,0,,0,,0,,0,1161194.222,20160810
20160810,IC1703,,,5794,5781.2,5791,1570,5787.8,5819,5787.8,90,104507480,1572,,,6359.2,5203.2,0,,11:13:54,500,5792.2,1,5798,1,,0,,0,,0,,0,,0,,0,,0,,0,1161194.222,20160810
20160810,IC1703,,,5794,5781.2,5791,1570,5787.8,5819,5787.8,90,104507480,1572,,,6359.2,5203.2,0,,11:13:55,0,5792.2,1,5798.2,1,,0,,0,,0,,0,,0,,0,,0,,0,1161194.222,20160810
20160810,IC1703,,,5794,5781.2,5791,1570,5787.8,5819,5787.8,90,104507480,1572,,,6359.2,5203.2,0,,11:14:06,500,5792.2,1,5798,1,,0,,0,,0,,0,,0,,0,,0,,0,1161194.222,20160810
20160810,IC1703,,,5794,5781.2,5791,1570,5787.8,5819,5787.8,90,104507480,1572,,,6359.2,5203.2,0,,11:14:13,0,5792.2,1,5798,1,,0,,0,,0,,0,,0,,0,,0,,0,1161194.222,20160810
20160810,IC1703,,,5794,5781.2,5791,1570,5787.8,5819,5787.8,90,104507480,1572,,,6359.2,5203.2,0,,11:14:19,500,5792.2,1,5797.8,1,,0,,0,,0,,0,,0,,0,,0,,0,1161194.222,20160810
20160810,IC1703,,,5794,5781.2,5791,1570,5787.8,5819,5787.8,90,104507480,1572,,,6359.2,5203.2,0,,11:14:26,0,5792.2,1,5796.8,1,,0,,0,,0,,0,,0,,0,,0,,0,1161194.222,20160810
20160810,IC1703,,,5794,5781.2,5791,1570,5787.8,5819,5787.8,90,104507480,1572,,,6359.2,5203.2,0,,11:14:26,500,5792.2,1,5796.8,1,,0,,0,,0,,0,,0,,0,,0,,0,1161194.222,20160810
20160810,IC1703,,,5794,5781.2,5791,1570,5787.8,5819,5787.8,90,104507480,1572,,,6359.2,5203.2,0,,11:14:53,0,5792.2,1,5793,1,,0,,0,,0,,0,,0,,0,,0,,0,1161194.222,20160810
20160810,IC1703,,,5793,5781.2,5791,1570,5787.8,5819,5787.8,91,105666080,1572,,,6359.2,5203.2,0,,11:14:53,500,5792.2,1,5796.8,1,,0,,0,,0,,0,,0,,0,,0,,0,1161165.714,20160810
20160810,IC1703,,,5793,5781.2,5791,1570,5787.8,5819,5787.8,91,105666080,1572,,,6359.2,5203.2,0,,11:14:54,500,5793,1,5796.8,1,,0,,0,,0,,0,,0,,0,,0,,0,1161165.714,20160810
20160810,IC1703,,,5793,5781.2,5791,1570,5787.8,5819,5787.8,91,105666080,1572,,,6359.2,5203.2,0,,11:15:11,500,5793,1,5796.8,1,,0,,0,,0,,0,,0,,0,,0,,0,1161165.714,20160810
20160810,IC1703,,,5793,5781.2,5791,1570,5787.8,5819,5787.8,91,105666080,1572,,,6359.2,5203.2,0,,11:15:33,500,5793,1,5796.6,1,,0,,0,,0,,0,,0,,0,,0,,0,1161165.714,20160810
20160810,IC1703,,,5793,5781.2,5791,1570,5787.8,5819,5787.8,91,105666080,1572,,,6359.2,5203.2,0,,11:15:35,500,5793,1,5796.8,1,,0,,0,,0,,0,,0,,0,,0,,0,1161165.714,20160810
20160810,IC1703,,,5793,5781.2,5791,1570,5787.8,5819,5787.8,91,105666080,1572,,,6359.2,5203.2,0,,11:15:36,0,5793,1,5795.4,1,,0,,0,,0,,0,,0,,0,,0,,0,1161165.714,20160810
20160810,IC1703,,,5793,5781.2,5791,1570,5787.8,5819,5787.8,92,106824680,1572,,,6359.2,5203.2,0,,11:15:36,500,5792.2,1,5795.4,1,,0,,0,,0,,0,,0,,0,,0,,0,1161137.826,20160810
20160810,IC1703,,,5793,5781.2,5791,1570,5787.8,5819,5787.8,92,106824680,1572,,,6359.2,5203.2,0,,11:15:37,500,5792.2,1,5795.4,1,,0,,0,,0,,0,,0,,0,,0,,0,1161137.826,20160810
20160810,IC1703,,,5793,5781.2,5791,1570,5787.8,5819,5787.8,92,106824680,1572,,,6359.2,5203.2,0,,11:15:39,500,5792.2,1,5796,1,,0,,0,,0,,0,,0,,0,,0,,0,1161137.826,20160810
20160810,IC1703,,,5793,5781.2,5791,1570,5787.8,5819,5787.8,92,106824680,1572,,,6359.2,5203.2,0,,11:15:42,0,5792.2,1,5795.8,1,,0,,0,,0,,0,,0,,0,,0,,0,1161137.826,20160810
20160810,IC1703,,,5793,5781.2,5791,1570,5787.8,5819,5787.8,92,106824680,1572,,,6359.2,5203.2,0,,11:15:45,0,5792.2,1,5796,1,,0,,0,,0,,0,,0,,0,,0,,0,1161137.826,20160810
20160810,IC1703,,,5793,5781.2,5791,1570,5787.8,5819,5787.8,92,106824680,1572,,,6359.2,5203.2,0,,11:15:46,500,5792.2,1,5794.6,1,,0,,0,,0,,0,,0,,0,,0,,0,1161137.826,20160810
20160810,IC1703,,,5792.2,5781.2,5791,1570,5787.8,5819,5787.8,93,107983120,1572,,,6359.2,5203.2,0,,11:15:51,500,5791.8,1,5792.2,1,,0,,0,,0,,0,,0,,0,,0,,0,1161108.817,20160810
20160810,IC1703,,,5792.2,5781.2,5791,1570,5787.8,5819,5787.8,93,107983120,1572,,,6359.2,5203.2,0,,11:15:52,0,5791.8,1,5792.2,1,,0,,0,,0,,0,,0,,0,,0,,0,1161108.817,20160810
20160810,IC1703,,,5791.8,5781.2,5791,1570,5787.8,5819,5787.8,94,109141480,1572,,,6359.2,5203.2,0,,11:16:01,0,5787.8,1,5792.2,1,,0,,0,,0,,0,,0,,0,,0,,0,1161079.574,20160810
20160810,IC1703,,,5791.8,5781.2,5791,1570,5787.8,5819,5787.8,94,109141480,1572,,,6359.2,5203.2,0,,11:16:01,500,5787.8,1,5791.8,1,,0,,0,,0,,0,,0,,0,,0,,0,1161079.574,20160810
20160810,IC1703,,,5791.8,5781.2,5791,1570,5787.8,5819,5787.8,94,109141480,1572,,,6359.2,5203.2,0,,11:16:02,500,5785,1,5791.8,1,,0,,0,,0,,0,,0,,0,,0,,0,1161079.574,20160810
20160810,IC1703,,,5791.8,5781.2,5791,1570,5787.8,5819,5787.8,94,109141480,1572,,,6359.2,5203.2,0,,11:16:03,0,5787.4,1,5791.6,1,,0,,0,,0,,0,,0,,0,,0,,0,1161079.574,20160810
20160810,IC1703,,,5791.8,5781.2,5791,1570,5787.8,5819,5787.8,94,109141480,1572,,,6359.2,5203.2,0,,11:16:03,500,5787.4,1,5791.6,1,,0,,0,,0,,0,,0,,0,,0,,0,1161079.574,20160810
20160810,IC1703,,,5791.8,5781.2,5791,1570,5787.8,5819,5787.8,94,109141480,1572,,,6359.2,5203.2,0,,11:16:12,500,5785,1,5791.6,1,,0,,0,,0,,0,,0,,0,,0,,0,1161079.574,20160810
20160810,IC1703,,,5791.8,5781.2,5791,1570,5787.8,5819,5787.8,94,109141480,1572,,,6359.2,5203.2,0,,11:16:13,0,5786.6,1,5791.6,1,,0,,0,,0,,0,,0,,0,,0,,0,1161079.574,20160810
20160810,IC1703,,,5791.8,5781.2,5791,1570,5787.8,5819,5787.8,94,109141480,1572,,,6359.2,5203.2,0,,11:16:13,500,5786.6,1,5791.6,1,,0,,0,,0,,0,,0,,0,,0,,0,1161079.574,20160810
20160810,IC1703,,,5791.8,5781.2,5791,1570,5787.8,5819,5787.8,94,109141480,1572,,,6359.2,5203.2,0,,11:16:15,0,5785,1,5791.6,1,,0,,0,,0,,0,,0,,0,,0,,0,1161079.574,20160810
20160810,IC1703,,,5791.8,5781.2,5791,1570,5787.8,5819,5787.8,94,109141480,1572,,,6359.2,5203.2,0,,11:16:15,500,5785.2,1,5791.6,1,,0,,0,,0,,0,,0,,0,,0,,0,1161079.574,20160810
20160810,IC1703,,,5791.8,5781.2,5791,1570,5787.8,5819,5787.8,94,109141480,1572,,,6359.2,5203.2,0,,11:16:17,0,5785.2,1,5791.6,1,,0,,0,,0,,0,,0,,0,,0,,0,1161079.574,20160810
20160810,IC1703,,,5791.8,5781.2,5791,1570,5787.8,5819,5787.8,94,109141480,1572,,,6359.2,5203.2,0,,11:16:25,500,5785.2,1,5791.4,1,,0,,0,,0,,0,,0,,0,,0,,0,1161079.574,20160810
20160810,IC1703,,,5791.8,5781.2,5791,1570,5787.8,5819,5787.8,94,109141480,1572,,,6359.2,5203.2,0,,11:16:26,0,5785.2,1,5791.2,1,,0,,0,,0,,0,,0,,0,,0,,0,1161079.574,20160810
20160810,IC1703,,,5791.8,5781.2,5791,1570,5787.8,5819,5787.8,94,109141480,1572,,,6359.2,5203.2,0,,11:16:28,0,5785.2,1,5791.2,1,,0,,0,,0,,0,,0,,0,,0,,0,1161079.574,20160810
20160810,IC1703,,,5791.8,5781.2,5791,1570,5787.8,5819,5787.8,94,109141480,1572,,,6359.2,5203.2,0,,11:16:30,500,5785.6,1,5791.2,1,,0,,0,,0,,0,,0,,0,,0,,0,1161079.574,20160810
20160810,IC1703,,,5791.8,5781.2,5791,1570,5787.8,5819,5787.8,94,109141480,1572,,,6359.2,5203.2,0,,11:16:31,0,5785.2,1,5791.2,1,,0,,0,,0,,0,,0,,0,,0,,0,1161079.574,20160810
20160810,IC1703,,,5791.8,5781.2,5791,1570,5787.8,5819,5787.8,94,109141480,1572,,,6359.2,5203.2,0,,11:16:32,500,5785.6,1,5791.2,1,,0,,0,,0,,0,,0,,0,,0,,0,1161079.574,20160810
20160810,IC1703,,,5791.8,5781.2,5791,1570,5787.8,5819,5787.8,94,109141480,1572,,,6359.2,5203.2,0,,11:16:33,0,5785.8,1,5791.2,1,,0,,0,,0,,0,,0,,0,,0,,0,1161079.574,20160810
20160810,IC1703,,,5791.8,5781.2,5791,1570,5787.8,5819,5787.8,94,109141480,1572,,,6359.2,5203.2,0,,11:16:33,500,5785.8,1,5791.2,1,,0,,0,,0,,0,,0,,0,,0,,0,1161079.574,20160810
20160810,IC1703,,,5791.8,5781.2,5791,1570,5787.8,5819,5787.8,94,109141480,1572,,,6359.2,5203.2,0,,11:16:37,500,5786.2,1,5791.8,1,,0,,0,,0,,0,,0,,0,,0,,0,1161079.574,20160810
20160810,IC1703,,,5791.8,5781.2,5791,1570,5787.8,5819,5787.8,94,109141480,1572,,,6359.2,5203.2,0,,11:16:38,0,5786.4,1,5791.8,1,,0,,0,,0,,0,,0,,0,,0,,0,1161079.574,20160810
20160810,IC1703,,,5791.8,5781.2,5791,1570,5787.8,5819,5787.8,94,109141480,1572,,,6359.2,5203.2,0,,11:16:39,0,5786.4,1,5791.8,1,,0,,0,,0,,0,,0,,0,,0,,0,1161079.574,20160810
20160810,IC1703,,,5791.8,5781.2,5791,1570,5787.8,5819,5787.8,94,109141480,1572,,,6359.2,5203.2,0,,11:16:41,0,5784,2,5791.8,1,,0,,0,,0,,0,,0,,0,,0,,0,1161079.574,20160810
20160810,IC1703,,,5791.8,5781.2,5791,1570,5787.8,5819,5787.8,94,109141480,1572,,,6359.2,5203.2,0,,11:16:41,500,5785.2,1,5791.8,1,,0,,0,,0,,0,,0,,0,,0,,0,1161079.574,20160810
20160810,IC1703,,,5791.8,5781.2,5791,1570,5787.8,5819,5787.8,94,109141480,1572,,,6359.2,5203.2,0,,11:16:42,0,5785.2,1,5791.8,1,,0,,0,,0,,0,,0,,0,,0,,0,1161079.574,20160810
20160810,IC1703,,,5791.8,5781.2,5791,1570,5787.8,5819,5787.8,94,109141480,1572,,,6359.2,5203.2,0,,11:16:42,500,5785.2,1,5791.6,1,,0,,0,,0,,0,,0,,0,,0,,0,1161079.574,20160810
20160810,IC1703,,,5791.8,5781.2,5791,1570,5787.8,5819,5787.8,94,109141480,1572,,,6359.2,5203.2,0,,11:16:43,0,5785.2,1,5791.6,1,,0,,0,,0,,0,,0,,0,,0,,0,1161079.574,20160810
20160810,IC1703,,,5791.8,5781.2,5791,1570,5787.8,5819,5787.8,94,109141480,1572,,,6359.2,5203.2,0,,11:16:45,500,5785.2,1,5791.6,1,,0,,0,,0,,0,,0,,0,,0,,0,1161079.574,20160810
20160810,IC1703,,,5791.8,5781.2,5791,1570,5787.8,5819,5787.8,94,109141480,1572,,,6359.2,5203.2,0,,11:16:49,500,5784,2,5791.6,1,,0,,0,,0,,0,,0,,0,,0,,0,1161079.574,20160810
20160810,IC1703,,,5791.8,5781.2,5791,1570,5787.8,5819,5787.8,94,109141480,1572,,,6359.2,5203.2,0,,11:16:50,500,5784.6,1,5791.6,1,,0,,0,,0,,0,,0,,0,,0,,0,1161079.574,20160810
20160810,IC1703,,,5791.8,5781.2,5791,1570,5787.8,5819,5787.8,94,109141480,1572,,,6359.2,5203.2,0,,11:16:57,0,5784.6,1,5791.6,1,,0,,0,,0,,0,,0,,0,,0,,0,1161079.574,20160810
20160810,IC1703,,,5791.8,5781.2,5791,1570,5787.8,5819,5787.8,94,109141480,1572,,,6359.2,5203.2,0,,11:17:02,500,5784.8,1,5791.6,1,,0,,0,,0,,0,,0,,0,,0,,0,1161079.574,20160810
20160810,IC1703,,,5791.8,5781.2,5791,1570,5787.8,5819,5787.8,94,109141480,1572,,,6359.2,5203.2,0,,11:17:03,0,5785,1,5791.6,1,,0,,0,,0,,0,,0,,0,,0,,0,1161079.574,20160810
20160810,IC1703,,,5791.8,5781.2,5791,1570,5787.8,5819,5787.8,94,109141480,1572,,,6359.2,5203.2,0,,11:17:03,500,5786.4,1,5791.6,1,,0,,0,,0,,0,,0,,0,,0,,0,1161079.574,20160810
20160810,IC1703,,,5791.8,5781.2,5791,1570,5787.8,5819,5787.8,94,109141480,1572,,,6359.2,5203.2,0,,11:17:04,0,5786.4,1,5791.6,1,,0,,0,,0,,0,,0,,0,,0,,0,1161079.574,20160810
20160810,IC1703,,,5791.8,5781.2,5791,1570,5787.8,5819,5787.8,94,109141480,1572,,,6359.2,5203.2,0,,11:17:04,500,5786.6,1,5791.6,1,,0,,0,,0,,0,,0,,0,,0,,0,1161079.574,20160810
20160810,IC1703,,,5791.8,5781.2,5791,1570,5787.8,5819,5787.8,94,109141480,1572,,,6359.2,5203.2,0,,11:17:05,500,5786.8,1,5791.6,1,,0,,0,,0,,0,,0,,0,,0,,0,1161079.574,20160810
20160810,IC1703,,,5791.8,5781.2,5791,1570,5787.8,5819,5787.8,94,109141480,1572,,,6359.2,5203.2,0,,11:17:06,0,5786.8,1,5791.6,1,,0,,0,,0,,0,,0,,0,,0,,0,1161079.574,20160810
20160810,IC1703,,,5791.8,5781.2,5791,1570,5787.8,5819,5787.8,94,109141480,1572,,,6359.2,5203.2,0,,11:17:09,0,5785,1,5791.6,1,,0,,0,,0,,0,,0,,0,,0,,0,1161079.574,20160810
20160810,IC1703,,,5791.8,5781.2,5791,1570,5787.8,5819,5787.8,94,109141480,1572,,,6359.2,5203.2,0,,11:17:09,500,5787,1,5791.6,1,,0,,0,,0,,0,,0,,0,,0,,0,1161079.574,20160810
20160810,IC1703,,,5791.8,5781.2,5791,1570,5787.8,5819,5787.8,94,109141480,1572,,,6359.2,5203.2,0,,11:17:10,0,5787,1,5791.6,1,,0,,0,,0,,0,,0,,0,,0,,0,1161079.574,20160810
20160810,IC1703,,,5791.8,5781.2,5791,1570,5787.8,5819,5787.8,94,109141480,1572,,,6359.2,5203.2,0,,11:17:12,0,5784,2,5791.6,1,,0,,0,,0,,0,,0,,0,,0,,0,1161079.574,20160810
20160810,IC1703,,,5791.8,5781.2,5791,1570,5787.8,5819,5787.8,94,109141480,1572,,,6359.2,5203.2,0,,11:17:12,500,5784.2,1,5791.6,1,,0,,0,,0,,0,,0,,0,,0,,0,1161079.574,20160810
20160810,IC1703,,,5791.8,5781.2,5791,1570,5787.8,5819,5787.8,94,109141480,1572,,,6359.2,5203.2,0,,11:17:13,0,5785.6,1,5791.6,1,,0,,0,,0,,0,,0,,0,,0,,0,1161079.574,20160810
20160810,IC1703,,,5791.8,5781.2,5791,1570,5787.8,5819,5787.8,94,109141480,1572,,,6359.2,5203.2,0,,11:17:13,500,5785.8,1,5791.6,1,,0,,0,,0,,0,,0,,0,,0,,0,1161079.574,20160810
20160810,IC1703,,,5791.8,5781.2,5791,1570,5787.8,5819,5787.8,94,109141480,1572,,,6359.2,5203.2,0,,11:17:14,0,5786,1,5791.6,1,,0,,0,,0,,0,,0,,0,,0,,0,1161079.574,20160810
20160810,IC1703,,,5791.8,5781.2,5791,1570,5787.8,5819,5787.8,94,109141480,1572,,,6359.2,5203.2,0,,11:17:15,0,5785.8,1,5791.6,1,,0,,0,,0,,0,,0,,0,,0,,0,1161079.574,20160810
20160810,IC1703,,,5791.8,5781.2,5791,1570,5787.8,5819,5787.8,94,109141480,1572,,,6359.2,5203.2,0,,11:17:15,500,5784,2,5791.6,1,,0,,0,,0,,0,,0,,0,,0,,0,1161079.574,20160810
20160810,IC1703,,,5791.8,5781.2,5791,1570,5787.8,5819,5787.8,94,109141480,1572,,,6359.2,5203.2,0,,11:17:16,0,5784.4,1,5791.6,1,,0,,0,,0,,0,,0,,0,,0,,0,1161079.574,20160810
20160810,IC1703,,,5791.8,5781.2,5791,1570,5787.8,5819,5787.8,94,109141480,1572,,,6359.2,5203.2,0,,11:17:16,500,5784.6,1,5791.6,1,,0,,0,,0,,0,,0,,0,,0,,0,1161079.574,20160810
20160810,IC1703,,,5791.8,5781.2,5791,1570,5787.8,5819,5787.8,94,109141480,1572,,,6359.2,5203.2,0,,11:17:17,500,5784.6,1,5791.6,1,,0,,0,,0,,0,,0,,0,,0,,0,1161079.574,20160810
20160810,IC1703,,,5791.8,5781.2,5791,1570,5787.8,5819,5787.8,94,109141480,1572,,,6359.2,5203.2,0,,11:17:18,500,5785,1,5791.6,1,,0,,0,,0,,0,,0,,0,,0,,0,1161079.574,20160810
20160810,IC1703,,,5791.8,5781.2,5791,1570,5787.8,5819,5787.8,94,109141480,1572,,,6359.2,5203.2,0,,11:17:19,0,5785.2,1,5791.6,1,,0,,0,,0,,0,,0,,0,,0,,0,1161079.574,20160810
20160810,IC1703,,,5791.8,5781.2,5791,1570,5787.8,5819,5787.8,94,109141480,1572,,,6359.2,5203.2,0,,11:17:20,0,5785.2,1,5791.6,1,,0,,0,,0,,0,,0,,0,,0,,0,1161079.574,20160810
20160810,IC1703,,,5791.8,5781.2,5791,1570,5787.8,5819,5787.8,94,109141480,1572,,,6359.2,5203.2,0,,11:17:33,500,5785.8,1,5791.6,1,,0,,0,,0,,0,,0,,0,,0,,0,1161079.574,20160810
20160810,IC1703,,,5791.8,5781.2,5791,1570,5787.8,5819,5787.8,94,109141480,1572,,,6359.2,5203.2,0,,11:17:34,0,5786,1,5791.6,1,,0,,0,,0,,0,,0,,0,,0,,0,1161079.574,20160810
20160810,IC1703,,,5791.8,5781.2,5791,1570,5787.8,5819,5787.8,94,109141480,1572,,,6359.2,5203.2,0,,11:17:35,0,5786,1,5791.6,1,,0,,0,,0,,0,,0,,0,,0,,0,1161079.574,20160810
20160810,IC1703,,,5791.8,5781.2,5791,1570,5787.8,5819,5787.8,94,109141480,1572,,,6359.2,5203.2,0,,11:17:40,500,5786.2,1,5791.6,1,,0,,0,,0,,0,,0,,0,,0,,0,1161079.574,20160810
20160810,IC1703,,,5791.8,5781.2,5791,1570,5787.8,5819,5787.8,94,109141480,1572,,,6359.2,5203.2,0,,11:17:41,0,5786.4,1,5791.6,1,,0,,0,,0,,0,,0,,0,,0,,0,1161079.574,20160810
20160810,IC1703,,,5791.8,5781.2,5791,1570,5787.8,5819,5787.8,94,109141480,1572,,,6359.2,5203.2,0,,11:17:41,500,5786.6,1,5791.6,1,,0,,0,,0,,0,,0,,0,,0,,0,1161079.574,20160810
20160810,IC1703,,,5791.8,5781.2,5791,1570,5787.8,5819,5787.8,94,109141480,1572,,,6359.2,5203.2,0,,11:17:42,0,5786.6,1,5791.6,1,,0,,0,,0,,0,,0,,0,,0,,0,1161079.574,20160810
20160810,IC1703,,,5791.8,5781.2,5791,1570,5787.8,5819,5787.8,94,109141480,1572,,,6359.2,5203.2,0,,11:17:50,500,5786.6,1,5791.8,1,,0,,0,,0,,0,,0,,0,,0,,0,1161079.574,20160810
20160810,IC1703,,,5791.8,5781.2,5791,1570,5787.8,5819,5787.8,94,109141480,1572,,,6359.2,5203.2,0,,11:17:51,0,5786.8,1,5791.8,1,,0,,0,,0,,0,,0,,0,,0,,0,1161079.574,20160810
20160810,IC1703,,,5791.8,5781.2,5791,1570,5787.8,5819,5787.8,94,109141480,1572,,,6359.2,5203.2,0,,11:17:52,0,5788.6,1,5791.8,1,,0,,0,,0,,0,,0,,0,,0,,0,1161079.574,20160810
20160810,IC1703,,,5791.8,5781.2,5791,1570,5787.8,5819,5787.8,94,109141480,1572,,,6359.2,5203.2,0,,11:17:52,500,5784,2,5791.8,1,,0,,0,,0,,0,,0,,0,,0,,0,1161079.574,20160810
20160810,IC1703,,,5791.8,5781.2,5791,1570,5787.8,5819,5787.8,94,109141480,1572,,,6359.2,5203.2,0,,11:17:53,0,5788.2,1,5791.8,1,,0,,0,,0,,0,,0,,0,,0,,0,1161079.574,20160810
20160810,IC1703,,,5791.8,5781.2,5791,1570,5787.8,5819,5787.8,94,109141480,1572,,,6359.2,5203.2,0,,11:17:53,500,5788.2,1,5791.8,1,,0,,0,,0,,0,,0,,0,,0,,0,1161079.574,20160810
20160810,IC1703,,,5791.8,5781.2,5791,1570,5787.8,5819,5787.8,94,109141480,1572,,,6359.2,5203.2,0,,11:17:58,0,5789,1,5791.8,1,,0,,0,,0,,0,,0,,0,,0,,0,1161079.574,20160810
20160810,IC1703,,,5791.8,5781.2,5791,1570,5787.8,5819,5787.8,94,109141480,1572,,,6359.2,5203.2,0,,11:17:59,0,5789,1,5791.8,1,,0,,0,,0,,0,,0,,0,,0,,0,1161079.574,20160810
20160810,IC1703,,,5791.8,5781.2,5791,1570,5787.8,5819,5787.8,94,109141480,1572,,,6359.2,5203.2,0,,11:18:03,0,5789,1,5791.8,1,,0,,0,,0,,0,,0,,0,,0,,0,1161079.574,20160810
20160810,IC1703,,,5791.8,5781.2,5791,1570,5787.8,5819,5787.8,94,109141480,1572,,,6359.2,5203.2,0,,11:18:07,0,5784,2,5791.8,1,,0,,0,,0,,0,,0,,0,,0,,0,1161079.574,20160810
20160810,IC1703,,,5791.8,5781.2,5791,1570,5787.8,5819,5787.8,94,109141480,1572,,,6359.2,5203.2,0,,11:18:07,500,5788.6,1,5791.8,1,,0,,0,,0,,0,,0,,0,,0,,0,1161079.574,20160810
20160810,IC1703,,,5791.8,5781.2,5791,1570,5787.8,5819,5787.8,94,109141480,1572,,,6359.2,5203.2,0,,11:18:08,0,5788.6,1,5791.8,1,,0,,0,,0,,0,,0,,0,,0,,0,1161079.574,20160810
20160810,IC1703,,,5791.8,5781.2,5791,1570,5787.8,5819,5787.8,94,109141480,1572,,,6359.2,5203.2,0,,11:18:15,500,5788.8,1,5791.8,1,,0,,0,,0,,0,,0,,0,,0,,0,1161079.574,20160810
20160810,IC1703,,,5789,5781.2,5791,1570,5787.8,5819,5787.8,95,110299280,1572,,,6359.2,5203.2,0,,11:18:16,0,5788.8,1,5791.8,1,,0,,0,,0,,0,,0,,0,,0,,0,1161045.053,20160810
20160810,IC1703,,,5789,5781.2,5791,1570,5787.8,5819,5787.8,95,110299280,1572,,,6359.2,5203.2,0,,11:18:53,500,5789,1,5791.8,1,,0,,0,,0,,0,,0,,0,,0,,0,1161045.053,20160810
20160810,IC1703,,,5789,5781.2,5791,1570,5787.8,5819,5787.8,95,110299280,1572,,,6359.2,5203.2,0,,11:19:03,0,5788.8,1,5791.8,1,,0,,0,,0,,0,,0,,0,,0,,0,1161045.053,20160810
20160810,IC1703,,,5788.8,5781.2,5791,1570,5787.8,5819,5787.8,96,111457040,1571,,,6359.2,5203.2,0,,11:19:23,500,5784,2,5791.8,1,,0,,0,,0,,0,,0,,0,,0,,0,1161010.833,20160810
20160810,IC1703,,,5788.8,5781.2,5791,1570,5787.8,5819,5787.8,96,111457040,1571,,,6359.2,5203.2,0,,11:19:24,0,5786.4,1,5791.6,1,,0,,0,,0,,0,,0,,0,,0,,0,1161010.833,20160810
20160810,IC1703,,,5788.8,5781.2,5791,1570,5787.8,5819,5787.8,96,111457040,1571,,,6359.2,5203.2,0,,11:19:24,500,5786.4,1,5791.6,1,,0,,0,,0,,0,,0,,0,,0,,0,1161010.833,20160810
20160810,IC1703,,,5788.8,5781.2,5791,1570,5787.8,5819,5787.8,96,111457040,1571,,,6359.2,5203.2,0,,11:19:25,0,5786.6,1,5791.6,1,,0,,0,,0,,0,,0,,0,,0,,0,1161010.833,20160810
20160810,IC1703,,,5788.8,5781.2,5791,1570,5787.8,5819,5787.8,96,111457040,1571,,,6359.2,5203.2,0,,11:19:29,0,5787,1,5791.6,1,,0,,0,,0,,0,,0,,0,,0,,0,1161010.833,20160810
20160810,IC1703,,,5788.8,5781.2,5791,1570,5787.8,5819,5787.8,96,111457040,1571,,,6359.2,5203.2,0,,11:19:29,500,5787,1,5791.6,1,,0,,0,,0,,0,,0,,0,,0,,0,1161010.833,20160810
20160810,IC1703,,,5788.8,5781.2,5791,1570,5787.8,5819,5787.8,96,111457040,1571,,,6359.2,5203.2,0,,11:19:47,0,5784,2,5791.6,1,,0,,0,,0,,0,,0,,0,,0,,0,1161010.833,20160810
20160810,IC1703,,,5788.8,5781.2,5791,1570,5787.8,5819,5787.8,96,111457040,1571,,,6359.2,5203.2,0,,11:19:47,500,5786.2,1,5791.6,1,,0,,0,,0,,0,,0,,0,,0,,0,1161010.833,20160810
20160810,IC1703,,,5788.8,5781.2,5791,1570,5787.8,5819,5787.8,96,111457040,1571,,,6359.2,5203.2,0,,11:19:48,0,5786.4,1,5791.6,1,,0,,0,,0,,0,,0,,0,,0,,0,1161010.833,20160810
20160810,IC1703,,,5788.8,5781.2,5791,1570,5787.8,5819,5787.8,96,111457040,1571,,,6359.2,5203.2,0,,11:19:48,500,5786.4,1,5791.6,1,,0,,0,,0,,0,,0,,0,,0,,0,1161010.833,20160810
20160810,IC1703,,,5788.8,5781.2,5791,1570,5787.8,5819,5787.8,96,111457040,1571,,,6359.2,5203.2,0,,11:20:07,0,5787,1,5791.6,1,,0,,0,,0,,0,,0,,0,,0,,0,1161010.833,20160810
20160810,IC1703,,,5788.8,5781.2,5791,1570,5787.8,5819,5787.8,96,111457040,1571,,,6359.2,5203.2,0,,11:20:07,500,5787,1,5791.6,1,,0,,0,,0,,0,,0,,0,,0,,0,1161010.833,20160810
20160810,IC1703,,,5788.8,5781.2,5791,1570,5787.8,5819,5787.8,96,111457040,1571,,,6359.2,5203.2,0,,11:20:16,500,5787.2,1,5791.6,1,,0,,0,,0,,0,,0,,0,,0,,0,1161010.833,20160810
20160810,IC1703,,,5788.8,5781.2,5791,1570,5787.8,5819,5787.8,96,111457040,1571,,,6359.2,5203.2,0,,11:20:21,500,5787.8,1,5791.6,1,,0,,0,,0,,0,,0,,0,,0,,0,1161010.833,20160810
20160810,IC1703,,,5791.6,5781.2,5791,1570,5787.8,5819,5787.8,97,112615360,1571,,,6359.2,5203.2,0,,11:20:30,500,5787.8,1,5791.8,1,,0,,0,,0,,0,,0,,0,,0,,0,1160983.093,20160810
20160810,IC1703,,,5791.6,5781.2,5791,1570,5787.8,5819,5787.8,97,112615360,1571,,,6359.2,5203.2,0,,11:20:31,0,5789,1,5791.8,1,,0,,0,,0,,0,,0,,0,,0,,0,1160983.093,20160810
20160810,IC1703,,,5791.8,5781.2,5791,1570,5787.8,5819,5787.8,98,113773720,1571,,,6359.2,5203.2,0,,11:20:33,0,5791.8,1,5796.8,1,,0,,0,,0,,0,,0,,0,,0,,0,1160956.327,20160810
20160810,IC1703,,,5796.8,5781.2,5791,1570,5787.8,5819,5787.8,99,114933080,1571,,,6359.2,5203.2,0,,11:20:33,500,5787.8,1,5800,1,,0,,0,,0,,0,,0,,0,,0,,0,1160940.202,20160810
20160810,IC1703,,,5796.8,5781.2,5791,1570,5787.8,5819,5787.8,99,114933080,1571,,,6359.2,5203.2,0,,11:20:34,0,5790.4,1,5798.6,1,,0,,0,,0,,0,,0,,0,,0,,0,1160940.202,20160810
20160810,IC1703,,,5796.8,5781.2,5791,1570,5787.8,5819,5787.8,99,114933080,1571,,,6359.2,5203.2,0,,11:20:34,500,5790.6,1,5798.6,1,,0,,0,,0,,0,,0,,0,,0,,0,1160940.202,20160810
20160810,IC1703,,,5796.8,5781.2,5791,1570,5787.8,5819,5787.8,99,114933080,1571,,,6359.2,5203.2,0,,11:20:35,0,5790.6,1,5798.4,1,,0,,0,,0,,0,,0,,0,,0,,0,1160940.202,20160810
20160810,IC1703,,,5796.8,5781.2,5791,1570,5787.8,5819,5787.8,99,114933080,1571,,,6359.2,5203.2,0,,11:20:36,0,5790.6,1,5797.8,1,,0,,0,,0,,0,,0,,0,,0,,0,1160940.202,20160810
20160810,IC1703,,,5796.8,5781.2,5791,1570,5787.8,5819,5787.8,99,114933080,1571,,,6359.2,5203.2,0,,11:20:36,500,5790.6,1,5797.6,1,,0,,0,,0,,0,,0,,0,,0,,0,1160940.202,20160810
20160810,IC1703,,,5796.8,5781.2,5791,1570,5787.8,5819,5787.8,99,114933080,1571,,,6359.2,5203.2,0,,11:20:37,0,5790.6,1,5795.6,1,,0,,0,,0,,0,,0,,0,,0,,0,1160940.202,20160810
20160810,IC1703,,,5796.8,5781.2,5791,1570,5787.8,5819,5787.8,99,114933080,1571,,,6359.2,5203.2,0,,11:20:37,500,5790.6,1,5795.6,1,,0,,0,,0,,0,,0,,0,,0,,0,1160940.202,20160810
20160810,IC1703,,,5796.8,5781.2,5791,1570,5787.8,5819,5787.8,99,114933080,1571,,,6359.2,5203.2,0,,11:20:39,500,5790.6,1,5797.6,1,,0,,0,,0,,0,,0,,0,,0,,0,1160940.202,20160810
20160810,IC1703,,,5796.8,5781.2,5791,1570,5787.8,5819,5787.8,99,114933080,1571,,,6359.2,5203.2,0,,11:20:40,0,5790.6,1,5797,1,,0,,0,,0,,0,,0,,0,,0,,0,1160940.202,20160810
20160810,IC1703,,,5796.8,5781.2,5791,1570,5787.8,5819,5787.8,99,114933080,1571,,,6359.2,5203.2,0,,11:20:43,500,5790.6,1,5796,1,,0,,0,,0,,0,,0,,0,,0,,0,1160940.202,20160810
20160810,IC1703,,,5796.8,5781.2,5791,1570,5787.8,5819,5787.8,99,114933080,1571,,,6359.2,5203.2,0,,11:20:44,500,5790.6,1,5796,1,,0,,0,,0,,0,,0,,0,,0,,0,1160940.202,20160810
20160810,IC1703,,,5796.8,5781.2,5791,1570,5787.8,5819,5787.8,99,114933080,1571,,,6359.2,5203.2,0,,11:20:51,500,5790.6,1,5795.8,2,,0,,0,,0,,0,,0,,0,,0,,0,1160940.202,20160810
20160810,IC1703,,,5796.8,5781.2,5791,1570,5787.8,5819,5787.8,99,114933080,1571,,,6359.2,5203.2,0,,11:20:57,0,5791.2,1,5795.8,2,,0,,0,,0,,0,,0,,0,,0,,0,1160940.202,20160810
20160810,IC1703,,,5796.8,5781.2,5791,1570,5787.8,5819,5787.8,99,114933080,1571,,,6359.2,5203.2,0,,11:20:57,500,5791.2,1,5795,1,,0,,0,,0,,0,,0,,0,,0,,0,1160940.202,20160810
20160810,IC1703,,,5796.8,5781.2,5791,1570,5787.8,5819,5787.8,99,114933080,1571,,,6359.2,5203.2,0,,11:20:58,500,5791.2,1,5794.8,1,,0,,0,,0,,0,,0,,0,,0,,0,1160940.202,20160810
20160810,IC1703,,,5796.8,5781.2,5791,1570,5787.8,5819,5787.8,99,114933080,1571,,,6359.2,5203.2,0,,11:20:59,0,5791.2,1,5794.8,1,,0,,0,,0,,0,,0,,0,,0,,0,1160940.202,20160810
20160810,IC1703,,,5796.8,5781.2,5791,1570,5787.8,5819,5787.8,99,114933080,1571,,,6359.2,5203.2,0,,11:21:02,0,5791.2,1,5794.8,1,,0,,0,,0,,0,,0,,0,,0,,0,1160940.202,20160810
20160810,IC1703,,,5796.8,5781.2,5791,1570,5787.8,5819,5787.8,99,114933080,1571,,,6359.2,5203.2,0,,11:21:33,500,5791.2,1,5794.6,1,,0,,0,,0,,0,,0,,0,,0,,0,1160940.202,20160810
20160810,IC1703,,,5796.8,5781.2,5791,1570,5787.8,5819,5787.8,99,114933080,1571,,,6359.2,5203.2,0,,11:21:34,0,5791.2,1,5793.6,1,,0,,0,,0,,0,,0,,0,,0,,0,1160940.202,20160810
20160810,IC1703,,,5796.8,5781.2,5791,1570,5787.8,5819,5787.8,99,114933080,1571,,,6359.2,5203.2,0,,11:21:34,500,5791.4,1,5793.6,1,,0,,0,,0,,0,,0,,0,,0,,0,1160940.202,20160810
20160810,IC1703,,,5796.8,5781.2,5791,1570,5787.8,5819,5787.8,99,114933080,1571,,,6359.2,5203.2,0,,11:21:35,0,5791.4,1,5794.6,1,,0,,0,,0,,0,,0,,0,,0,,0,1160940.202,20160810
20160810,IC1703,,,5796.8,5781.2,5791,1570,5787.8,5819,5787.8,99,114933080,1571,,,6359.2,5203.2,0,,11:21:35,500,5791.4,1,5794.2,1,,0,,0,,0,,0,,0,,0,,0,,0,1160940.202,20160810
20160810,IC1703,,,5796.8,5781.2,5791,1570,5787.8,5819,5787.8,99,114933080,1571,,,6359.2,5203.2,0,,11:21:39,500,5791.4,1,5794.6,1,,0,,0,,0,,0,,0,,0,,0,,0,1160940.202,20160810
20160810,IC1703,,,5796.8,5781.2,5791,1570,5787.8,5819,5787.8,99,114933080,1571,,,6359.2,5203.2,0,,11:21:56,0,5791.4,1,5794.4,1,,0,,0,,0,,0,,0,,0,,0,,0,1160940.202,20160810
20160810,IC1703,,,5796.8,5781.2,5791,1570,5787.8,5819,5787.8,99,114933080,1571,,,6359.2,5203.2,0,,11:22:05,0,5791.4,1,5794.4,1,,0,,0,,0,,0,,0,,0,,0,,0,1160940.202,20160810
20160810,IC1703,,,5796.8,5781.2,5791,1570,5787.8,5819,5787.8,99,114933080,1571,,,6359.2,5203.2,0,,11:22:05,500,5791.4,1,5794.2,1,,0,,0,,0,,0,,0,,0,,0,,0,1160940.202,20160810
20160810,IC1703,,,5796.8,5781.2,5791,1570,5787.8,5819,5787.8,99,114933080,1571,,,6359.2,5203.2,0,,11:22:06,500,5791.4,1,5793,1,,0,,0,,0,,0,,0,,0,,0,,0,1160940.202,20160810
20160810,IC1703,,,5796.8,5781.2,5791,1570,5787.8,5819,5787.8,99,114933080,1571,,,6359.2,5203.2,0,,11:22:10,0,5791.4,1,5800,1,,0,,0,,0,,0,,0,,0,,0,,0,1160940.202,20160810
20160810,IC1703,,,5796.8,5781.2,5791,1570,5787.8,5819,5787.8,99,114933080,1571,,,6359.2,5203.2,0,,11:22:10,500,5791.6,2,5800,1,,0,,0,,0,,0,,0,,0,,0,,0,1160940.202,20160810
20160810,IC1703,,,5796.8,5781.2,5791,1570,5787.8,5819,5787.8,99,114933080,1571,,,6359.2,5203.2,0,,11:22:11,0,5791.6,2,5794.6,1,,0,,0,,0,,0,,0,,0,,0,,0,1160940.202,20160810
20160810,IC1703,,,5796.8,5781.2,5791,1570,5787.8,5819,5787.8,99,114933080,1571,,,6359.2,5203.2,0,,11:22:11,500,5791.4,1,5794.6,1,,0,,0,,0,,0,,0,,0,,0,,0,1160940.202,20160810
20160810,IC1703,,,5796.8,5781.2,5791,1570,5787.8,5819,5787.8,99,114933080,1571,,,6359.2,5203.2,0,,11:22:14,500,5791.8,1,5794.6,1,,0,,0,,0,,0,,0,,0,,0,,0,1160940.202,20160810
20160810,IC1703,,,5796.8,5781.2,5791,1570,5787.8,5819,5787.8,99,114933080,1571,,,6359.2,5203.2,0,,11:22:27,0,5791.8,1,5794.4,1,,0,,0,,0,,0,,0,,0,,0,,0,1160940.202,20160810
20160810,IC1703,,,5796.8,5781.2,5791,1570,5787.8,5819,5787.8,99,114933080,1571,,,6359.2,5203.2,0,,11:22:27,500,5791.8,1,5792.8,1,,0,,0,,0,,0,,0,,0,,0,,0,1160940.202,20160810
