20160810,IF1703,,,3122.4,3121.6,3127.6,805,3124.4,3143.8,3120.8,41,38513640,801,1.797693135e+308,1.797693135e+308,3433.6,2809.6,0,1.797693135e+308,10:26:51,0,3126.2,1,3132,1,1.797693135e+308,0,1.797693135e+308,0,1.797693135e+308,0,1.797693135e+308,0,1.797693135e+308,0,1.797693135e+308,0,1.797693135e+308,0,1.797693135e+308,0,939357.0732,20160810
20160810,IF1703,,,3122.4,3121.6,3127.6,805,3124.4,3143.8,3120.8,41,38513640,801,1.797693135e+308,1.797693135e+308,3433.6,2809.6,0,1.797693135e+308,10:26:54,0,3126.4,1,3131.8,1,1.797693135e+308,0,1.797693135e+308,0,1.797693135e+308,0,1.797693135e+308,0,1.797693135e+308,0,1.797693135e+308,0,1.797693135e+308,0,1.797693135e+308,0,939357.0732,20160810
20160810,IF1703,,,3122.4,3121.6,3127.6,805,3124.4,3143.8,3120.8,41,38513640,801,1.797693135e+308,1.797693135e+308,3433.6,2809.6,0,1.797693135e+308,10:26:54,500,3126.4,1,3131.8,1,1.797693135e+308,0,1.797693135e+308,0,1.797693135e+308,0,1.797693135e+308,0,1.797693135e+308,0,1.797693135e+308,0,1.797693135e+308,0,1.797693135e+308,0,939357.0732,20160810
20160810,IF1703,,,3122.4,3121.6,3127.6,805,3124.4,3143.8,3120.8,41,38513640,801,1.797693135e+308,1.797693135e+308,3433.6,2809.6,0,1.797693135e+308,10:26:55,0,3126.6,1,3131.8,1,1.797693135e+308,0,1.797693135e+308,0,1.797693135e+308,0,1.797693135e+308,0,1.797693135e+308,0,1.797693135e+308,0,1.797693135e+308,0,1.797693135e+308,0,939357.0732,20160810
20160810,IF1703,,,3122.4,3121.6,3127.6,805,3124.4,3143.8,3120.8,41,38513640,801,1.797693135e+308,1.797693135e+308,3433.6,2809.6,0,1.797693135e+308,10:26:56,500,3126.6,1,3131.8,1,1.797693135e+308,0,1.797693135e+308,0,1.797693135e+308,0,1.797693135e+308,0,1.797693135e+308,0,1.797693135e+308,0,1.797693135e+308,0,1.797693135e+308,0,939357.0732,20160810
20160810,IF1703,,,3122.4,3121.6,3127.6,805,3124.4,3143.8,3120.8,41,38513640,801,1.797693135e+308,1.797693135e+308,3433.6,2809.6,0,1.797693135e+308,10:27:02,0,3126.8,1,3131.8,1,1.797693135e+308,0,1.797693135e+308,0,1.797693135e+308,0,1.797693135e+308,0,1.797693135e+308,0,1.797693135e+308,0,1.797693135e+308,0,1.797693135e+308,0,939357.0732,20160810
20160810,IF1703,,,3122.4,3121.6,3127.6,805,3124.4,3143.8,3120.8,41,38513640,801,1.797693135e+308,1.797693135e+308,3433.6,2809.6,0,1.797693135e+308,10:27:02,500,3127,1,3131.8,1,1.797693135e+308,0,1.797693135e+308,0,1.797693135e+308,0,1.797693135e+308,0,1.797693135e+308,0,1.797693135e+308,0,1.797693135e+308,0,1.797693135e+308,0,939357.0732,20160810
20160810,IF1703,,,3122.4,3121.6,3127.6,805,3124.4,3143.8,3120.8,41,38513640,801,1.797693135e+308,1.797693135e+308,3433.6,2809.6,0,1.797693135e+308,10:27:04,500,3126.8,1,3131.2,1,1.797693135e+308,0,1.797693135e+308,0,1.797693135e+308,0,1.797693135e+308,0,1.797693135e+308,0,1.797693135e+308,0,1.797693135e+308,0,1.797693135e+308,0,939357.0732,20160810
20160810,IF1703,,,3122.4,3121.6,3127.6,805,3124.4,3143.8,3120.8,41,38513640,801,1.797693135e+308,1.797693135e+308,3433.6,2809.6,0,1.797693135e+308,10:27:05,0,3126.8,1,3131.6,1,1.797693135e+308,0,1.797693135e+308,0,1.797693135e+308,0,1.797693135e+308,0,1.797693135e+308,0,1.797693135e+308,0,1.797693135e+308,0,1.797693135e+308,0,939357.0732,20160810
20160810,IF1703,,,3122.4,3121.6,3127.6,805,3124.4,3143.8,3120.8,41,38513640,801,1.797693135e+308,1.797693135e+308,3433.6,2809.6,0,1.797693135e+308,10:27:05,500,3126.8,1,3131.8,1,1.797693135e+308,0,1.797693135e+308,0,1.797693135e+308,0,1.797693135e+308,0,1.797693135e+308,0,1.797693135e+308,0,1.797693135e+308,0,1.797693135e+308,0,939357.0732,20160810
20160810,IF1703,,,3122.4,3121.6,3127.6,805,3124.4,3143.8,3120.8,41,38513640,801,1.797693135e+308,1.797693135e+308,3433.6,2809.6,0,1.797693135e+308,10:27:06,0,3127,1,3131.8,1,1.797693135e+308,0,1.797693135e+308,0,1.797693135e+308,0,1.797693135e+308,0,1.797693135e+308,0,1.797693135e+308,0,1.797693135e+308,0,1.797693135e+308,0,939357.0732,20160810
20160810,IF1703,,,3122.4,3121.6,3127.6,805,3124.4,3143.8,3120.8,41,38513640,801,1.797693135e+308,1.797693135e+308,3433.6,2809.6,0,1.797693135e+308,10:27:07,0,3127,1,3131.6,1,1.797693135e+308,0,1.797693135e+308,0,1.797693135e+308,0,1.797693135e+308,0,1.797693135e+308,0,1.797693135e+308,0,1.797693135e+308,0,1.797693135e+308,0,939357.0732,20160810
20160810,IF1703,,,3122.4,3121.6,3127.6,805,3124.4,3143.8,3120.8,41,38513640,801,1.797693135e+308,1.797693135e+308,3433.6,2809.6,0,1.797693135e+308,10:27:07,500,3127,1,3131.4,1,1.797693135e+308,0,1.797693135e+308,0,1.797693135e+308,0,1.797693135e+308,0,1.797693135e+308,0,1.797693135e+308,0,1.797693135e+308,0,1.797693135e+308,0,939357.0732,20160810
20160810,IF1703,,,3122.4,3121.6,3127.6,805,3124.4,3143.8,3120.8,41,38513640,801,1.797693135e+308,1.797693135e+308,3433.6,2809.6,0,1.797693135e+308,10:27:09,0,3127,1,3131.4,1,1.797693135e+308,0,1.797693135e+308,0,1.797693135e+308,0,1.797693135e+308,0,1.797693135e+308,0,1.797693135e+308,0,1.797693135e+308,0,1.797693135e+308,0,939357.0732,20160810
20160810,IF1703,,,3122.4,3121.6,3127.6,805,3124.4,3143.8,3120.8,41,38513640,801,1.797693135e+308,1.797693135e+308,3433.6,2809.6,0,1.797693135e+308,10:27:10,0,3127,1,3131.4,1,1.797693135e+308,0,1.797693135e+308,0,1.797693135e+308,0,1.797693135e+308,0,1.797693135e+308,0,1.797693135e+308,0,1.797693135e+308,0,1.797693135e+308,0,939357.0732,20160810
20160810,IF1703,,,3122.4,3121.6,3127.6,805,3124.4,3143.8,3120.8,41,38513640,801,1.797693135e+308,1.797693135e+308,3433.6,2809.6,0,1.797693135e+308,10:27:11,0,3127,1,3131.2,1,1.797693135e+308,0,1.797693135e+308,0,1.797693135e+308,0,1.797693135e+308,0,1.797693135e+308,0,1.797693135e+308,0,1.797693135e+308,0,1.797693135e+308,0,939357.0732,20160810
20160810,IF1703,,,3122.4,3121.6,3127.6,805,3124.4,3143.8,3120.8,41,38513640,801,1.797693135e+308,1.797693135e+308,3433.6,2809.6,0,1.797693135e+308,10:27:12,0,3127,1,3131.2,1,1.797693135e+308,0,1.797693135e+308,0,1.797693135e+308,0,1.797693135e+308,0,1.797693135e+308,0,1.797693135e+308,0,1.797693135e+308,0,1.797693135e+308,0,939357.0732,20160810
20160810,IF1703,,,3122.4,3121.6,3127.6,805,3124.4,3143.8,3120.8,41,38513640,801,1.797693135e+308,1.797693135e+308,3433.6,2809.6,0,1.797693135e+308,10:27:15,0,3127,1,3133,2,1.797693135e+308,0,1.797693135e+308,0,1.797693135e+308,0,1.797693135e+308,0,1.797693135e+308,0,1.797693135e+308,0,1.797693135e+308,0,1.797693135e+308,0,939357.0732,20160810
20160810,IF1703,,,3122.4,3121.6,3127.6,805,3124.4,3143.8,3120.8,41,38513640,801,1.797693135e+308,1.797693135e+308,3433.6,2809.6,0,1.797693135e+308,10:27:15,500,3127.2,1,3131.2,1,1.797693135e+308,0,1.797693135e+308,0,1.797693135e+308,0,1.797693135e+308,0,1.797693135e+308,0,1.797693135e+308,0,1.797693135e+308,0,1.797693135e+308,0,939357.0732,20160810
20160810,IF1703,,,3122.4,3121.6,3127.6,805,3124.4,3143.8,3120.8,41,38513640,801,1.797693135e+308,1.797693135e+308,3433.6,2809.6,0,1.797693135e+308,10:27:16,0,3127.4,1,3131.2,1,1.797693135e+308,0,1.797693135e+308,0,1.797693135e+308,0,1.797693135e+308,0,1.797693135e+308,0,1.797693135e+308,0,1.797693135e+308,0,1.797693135e+308,0,939357.0732,20160810
20160810,IF1703,,,3122.4,3121.6,3127.6,805,3124.4,3143.8,3120.8,41,38513640,801,1.797693135e+308,1.797693135e+308,3433.6,2809.6,0,1.797693135e+308,10:27:16,500,3127.4,1,3131.2,1,1.797693135e+308,0,1.797693135e+308,0,1.797693135e+308,0,1.797693135e+308,0,1.797693135e+308,0,1.797693135e+308,0,1.797693135e+308,0,1.797693135e+308,0,939357.0732,20160810
20160810,IF1703,,,3122.4,3121.6,3127.6,805,3124.4,3143.8,3120.8,41,38513640,801,1.797693135e+308,1.797693135e+308,3433.6,2809.6,0,1.797693135e+308,10:27:18,0,3127.4,1,3131,1,1.797693135e+308,0,1.797693135e+308,0,1.797693135e+308,0,1.797693135e+308,0,1.797693135e+308,0,1.797693135e+308,0,1.797693135e+308,0,1.797693135e+308,0,939357.0732,20160810
20160810,IF1703,,,3122.4,3121.6,3127.6,805,3124.4,3143.8,3120.8,41,38513640,801,1.797693135e+308,1.797693135e+308,3433.6,2809.6,0,1.797693135e+308,10:27:19,0,3127.4,1,3131,1,1.797693135e+308,0,1.797693135e+308,0,1.797693135e+308,0,1.797693135e+308,0,1.797693135e+308,0,1.797693135e+308,0,1.797693135e+308,0,1.797693135e+308,0,939357.0732,20160810
20160810,IF1703,,,3122.4,3121.6,3127.6,805,3124.4,3143.8,3120.8,41,38513640,801,1.797693135e+308,1.797693135e+308,3433.6,2809.6,0,1.797693135e+308,10:27:22,500,3127.4,1,3133,2,1.797693135e+308,0,1.797693135e+308,0,1.797693135e+308,0,1.797693135e+308,0,1.797693135e+308,0,1.797693135e+308,0,1.797693135e+308,0,1.797693135e+308,0,939357.0732,20160810
20160810,IF1703,,,3122.4,3121.6,3127.6,805,3124.4,3143.8,3120.8,41,38513640,801,1.797693135e+308,1.797693135e+308,3433.6,2809.6,0,1.797693135e+308,10:27:23,0,3127.4,1,3132.4,1,1.797693135e+308,0,1.797693135e+308,0,1.797693135e+308,0,1.797693135e+308,0,1.797693135e+308,0,1.797693135e+308,0,1.797693135e+308,0,1.797693135e+308,0,939357.0732,20160810
20160810,IF1703,,,3122.4,3121.6,3127.6,805,3124.4,3143.8,3120.8,41,38513640,801,1.797693135e+308,1.797693135e+308,3433.6,2809.6,0,1.797693135e+308,10:27:45,500,3127.4,1,3132.2,1,1.797693135e+308,0,1.797693135e+308,0,1.797693135e+308,0,1.797693135e+308,0,1.797693135e+308,0,1.797693135e+308,0,1.797693135e+308,0,1.797693135e+308,0,939357.0732,20160810
20160810,IF1703,,,3122.4,3121.6,3127.6,805,3124.4,3143.8,3120.8,41,38513640,801,1.797693135e+308,1.797693135e+308,3433.6,2809.6,0,1.797693135e+308,10:27:46,500,3127.4,1,3131.8,1,1.797693135e+308,0,1.797693135e+308,0,1.797693135e+308,0,1.797693135e+308,0,1.797693135e+308,0,1.797693135e+308,0,1.797693135e+308,0,1.797693135e+308,0,939357.0732,20160810
20160810,IF1703,,,3122.4,3121.6,3127.6,805,3124.4,3143.8,3120.8,41,38513640,801,1.797693135e+308,1.797693135e+308,3433.6,2809.6,0,1.797693135e+308,10:27:56,500,3127.4,1,3132.2,1,1.797693135e+308,0,1.797693135e+308,0,1.797693135e+308,0,1.797693135e+308,0,1.797693135e+308,0,1.797693135e+308,0,1.797693135e+308,0,1.797693135e+308,0,939357.0732,20160810
20160810,IF1703,,,3122.4,3121.6,3127.6,805,3124.4,3143.8,3120.8,41,38513640,801,1.797693135e+308,1.797693135e+308,3433.6,2809.6,0,1.797693135e+308,10:27:57,500,3127.4,1,3132,1,1.797693135e+308,0,1.797693135e+308,0,1.797693135e+308,0,1.797693135e+308,0,1.797693135e+308,0,1.797693135e+308,0,1.797693135e+308,0,1.797693135e+308,0,939357.0732,20160810
20160810,IF1703,,,3122.4,3121.6,3127.6,805,3124.4,3143.8,3120.8,41,38513640,801,1.797693135e+308,1.797693135e+308,3433.6,2809.6,0,1.797693135e+308,10:28:04,0,3127.4,1,3132,1,1.797693135e+308,0,1.797693135e+308,0,1.797693135e+308,0,1.797693135e+308,0,1.797693135e+308,0,1.797693135e+308,0,1.797693135e+308,0,1.797693135e+308,0,939357.0732,20160810
20160810,IF1703,,,3122.4,3121.6,3127.6,805,3124.4,3143.8,3120.8,41,38513640,801,1.797693135e+308,1.797693135e+308,3433.6,2809.6,0,1.797693135e+308,10:28:04,500,3127.4,1,3131.8,1,1.797693135e+308,0,1.797693135e+308,0,1.797693135e+308,0,1.797693135e+308,0,1.797693135e+308,0,1.797693135e+308,0,1.797693135e+308,0,1.797693135e+308,0,939357.0732,20160810
20160810,IF1703,,,3122.4,3121.6,3127.6,805,3124.4,3143.8,3120.8,41,38513640,801,1.797693135e+308,1.797693135e+308,3433.6,2809.6,0,1.797693135e+308,10:28:05,0,3127.4,1,3131.8,1,1.797693135e+308,0,1.797693135e+308,0,1.797693135e+308,0,1.797693135e+308,0,1.797693135e+308,0,1.797693135e+308,0,1.797693135e+308,0,1.797693135e+308,0,939357.0732,20160810
20160810,IF1703,,,3122.4,3121.6,3127.6,805,3124.4,3143.8,3120.8,41,38513640,801,1.797693135e+308,1.797693135e+308,3433.6,2809.6,0,1.797693135e+308,10:28:28,500,3127.4,1,3131.8,1,1.797693135e+308,0,1.797693135e+308,0,1.797693135e+308,0,1.797693135e+308,0,1.797693135e+308,0,1.797693135e+308,0,1.797693135e+308,0,1.797693135e+308,0,939357.0732,20160810
20160810,IF1703,,,3122.4,3121.6,3127.6,805,3124.4,3143.8,3120.8,41,38513640,801,1.797693135e+308,1.797693135e+308,3433.6,2809.6,0,1.797693135e+308,10:28:43,500,3127.4,2,3131.8,1,1.797693135e+308,0,1.797693135e+308,0,1.797693135e+308,0,1.797693135e+308,0,1.797693135e+308,0,1.797693135e+308,0,1.797693135e+308,0,1.797693135e+308,0,939357.0732,20160810
20160810,IF1703,,,3122.4,3121.6,3127.6,805,3124.4,3143.8,3120.8,41,38513640,801,1.797693135e+308,1.797693135e+308,3433.6,2809.6,0,1.797693135e+308,10:28:45,500,3127.4,3,3131.8,1,1.797693135e+308,0,1.797693135e+308,0,1.797693135e+308,0,1.797693135e+308,0,1.797693135e+308,0,1.797693135e+308,0,1.797693135e+308,0,1.797693135e+308,0,939357.0732,20160810
20160810,IF1703,,,3122.4,3121.6,3127.6,805,3124.4,3143.8,3120.8,41,38513640,801,1.797693135e+308,1.797693135e+308,3433.6,2809.6,0,1.797693135e+308,10:28:58,0,3127.4,4,3131.8,1,1.797693135e+308,0,1.797693135e+308,0,1.797693135e+308,0,1.797693135e+308,0,1.797693135e+308,0,1.797693135e+308,0,1.797693135e+308,0,1.797693135e+308,0,939357.0732,20160810
20160810,IF1703,,,3122.4,3121.6,3127.6,805,3124.4,3143.8,3120.8,41,38513640,801,1.797693135e+308,1.797693135e+308,3433.6,2809.6,0,1.797693135e+308,10:29:03,0,3127.4,5,3131.8,1,1.797693135e+308,0,1.797693135e+308,0,1.797693135e+308,0,1.797693135e+308,0,1.797693135e+308,0,1.797693135e+308,0,1.797693135e+308,0,1.797693135e+308,0,939357.0732,20160810
20160810,IF1703,,,3122.4,3121.6,3127.6,805,3124.4,3143.8,3120.8,41,38513640,801,1.797693135e+308,1.797693135e+308,3433.6,2809.6,0,1.797693135e+308,10:29:06,500,3127.4,5,3131.8,1,1.797693135e+308,0,1.797693135e+308,0,1.797693135e+308,0,1.797693135e+308,0,1.797693135e+308,0,1.797693135e+308,0,1.797693135e+308,0,1.797693135e+308,0,939357.0732,20160810
20160810,IF1703,,,3122.4,3121.6,3127.6,805,3124.4,3143.8,3120.8,41,38513640,801,1.797693135e+308,1.797693135e+308,3433.6,2809.6,0,1.797693135e+308,10:29:26,500,3127.4,4,3131.8,1,1.797693135e+308,0,1.797693135e+308,0,1.797693135e+308,0,1.797693135e+308,0,1.797693135e+308,0,1.797693135e+308,0,1.797693135e+308,0,1.797693135e+308,0,939357.0732,20160810
20160810,IF1703,,,3122.4,3121.6,3127.6,805,3124.4,3143.8,3120.8,41,38513640,801,1.797693135e+308,1.797693135e+308,3433.6,2809.6,0,1.797693135e+308,10:29:40,0,3127.6,1,3131.8,1,1.797693135e+308,0,1.797693135e+308,0,1.797693135e+308,0,1.797693135e+308,0,1.797693135e+308,0,1.797693135e+308,0,1.797693135e+308,0,1.797693135e+308,0,939357.0732,20160810
20160810,IF1703,,,3122.4,3121.6,3127.6,805,3124.4,3143.8,3120.8,41,38513640,801,1.797693135e+308,1.797693135e+308,3433.6,2809.6,0,1.797693135e+308,10:29:40,500,3127.8,1,3131.8,1,1.797693135e+308,0,1.797693135e+308,0,1.797693135e+308,0,1.797693135e+308,0,1.797693135e+308,0,1.797693135e+308,0,1.797693135e+308,0,1.797693135e+308,0,939357.0732,20160810
20160810,IF1703,,,3122.4,3121.6,3127.6,805,3124.4,3143.8,3120.8,41,38513640,801,1.797693135e+308,1.797693135e+308,3433.6,2809.6,0,1.797693135e+308,10:29:42,0,3127.8,1,3131.8,1,1.797693135e+308,0,1.797693135e+308,0,1.797693135e+308,0,1.797693135e+308,0,1.797693135e+308,0,1.797693135e+308,0,1.797693135e+308,0,1.797693135e+308,0,939357.0732,20160810
20160810,IF1703,,,3131.8,3121.6,3127.6,805,3124.4,3143.8,3120.8,42,39453180,801,1.797693135e+308,1.797693135e+308,3433.6,2809.6,0,1.797693135e+308,10:29:48,0,3127.8,1,3133,2,1.797693135e+308,0,1.797693135e+308,0,1.797693135e+308,0,1.797693135e+308,0,1.797693135e+308,0,1.797693135e+308,0,1.797693135e+308,0,1.797693135e+308,0,939361.4286,20160810
20160810,IF1703,,,3131.8,3121.6,3127.6,805,3124.4,3143.8,3120.8,42,39453180,801,1.797693135e+308,1.797693135e+308,3433.6,2809.6,0,1.797693135e+308,10:29:51,500,3128,1,3133,2,1.797693135e+308,0,1.797693135e+308,0,1.797693135e+308,0,1.797693135e+308,0,1.797693135e+308,0,1.797693135e+308,0,1.797693135e+308,0,1.797693135e+308,0,939361.4286,20160810
20160810,IF1703,,,3131.8,3121.6,3127.6,805,3124.4,3143.8,3120.8,42,39453180,801,1.797693135e+308,1.797693135e+308,3433.6,2809.6,0,1.797693135e+308,10:29:52,0,3128.2,1,3133,2,1.797693135e+308,0,1.797693135e+308,0,1.797693135e+308,0,1.797693135e+308,0,1.797693135e+308,0,1.797693135e+308,0,1.797693135e+308,0,1.797693135e+308,0,939361.4286,20160810
20160810,IF1703,,,3131.8,3121.6,3127.6,805,3124.4,3143.8,3120.8,42,39453180,801,1.797693135e+308,1.797693135e+308,3433.6,2809.6,0,1.797693135e+308,10:29:53,0,3128.4,1,3133,2,1.797693135e+308,0,1.797693135e+308,0,1.797693135e+308,0,1.797693135e+308,0,1.797693135e+308,0,1.797693135e+308,0,1.797693135e+308,0,1.797693135e+308,0,939361.4286,20160810
20160810,IF1703,,,3131.8,3121.6,3127.6,805,3124.4,3143.8,3120.8,42,39453180,801,1.797693135e+308,1.797693135e+308,3433.6,2809.6,0,1.797693135e+308,10:29:53,500,3128.6,1,3133,2,1.797693135e+308,0,1.797693135e+308,0,1.797693135e+308,0,1.797693135e+308,0,1.797693135e+308,0,1.797693135e+308,0,1.797693135e+308,0,1.797693135e+308,0,939361.4286,20160810
20160810,IF1703,,,3131.8,3121.6,3127.6,805,3124.4,3143.8,3120.8,42,39453180,801,1.797693135e+308,1.797693135e+308,3433.6,2809.6,0,1.797693135e+308,10:29:54,500,3129,1,3133,2,1.797693135e+308,0,1.797693135e+308,0,1.797693135e+308,0,1.797693135e+308,0,1.797693135e+308,0,1.797693135e+308,0,1.797693135e+308,0,1.797693135e+308,0,939361.4286,20160810
20160810,IF1703,,,3131.8,3121.6,3127.6,805,3124.4,3143.8,3120.8,42,39453180,801,1.797693135e+308,1.797693135e+308,3433.6,2809.6,0,1.797693135e+308,10:29:55,0,3129.2,1,3133,2,1.797693135e+308,0,1.797693135e+308,0,1.797693135e+308,0,1.797693135e+308,0,1.797693135e+308,0,1.797693135e+308,0,1.797693135e+308,0,1.797693135e+308,0,939361.4286,20160810
20160810,IF1703,,,3131.8,3121.6,3127.6,805,3124.4,3143.8,3120.8,42,39453180,801,1.797693135e+308,1.797693135e+308,3433.6,2809.6,0,1.797693135e+308,10:29:56,0,3129.6,1,3133,2,1.797693135e+308,0,1.797693135e+308,0,1.797693135e+308,0,1.797693135e+308,0,1.797693135e+308,0,1.797693135e+308,0,1.797693135e+308,0,1.797693135e+308,0,939361.4286,20160810
20160810,IF1703,,,3131.8,3121.6,3127.6,805,3124.4,3143.8,3120.8,42,39453180,801,1.797693135e+308,1.797693135e+308,3433.6,2809.6,0,1.797693135e+308,10:29:56,500,3129.8,1,3133,2,1.797693135e+308,0,1.797693135e+308,0,1.797693135e+308,0,1.797693135e+308,0,1.797693135e+308,0,1.797693135e+308,0,1.797693135e+308,0,1.797693135e+308,0,939361.4286,20160810
20160810,IF1703,,,3131.8,3121.6,3127.6,805,3124.4,3143.8,3120.8,42,39453180,801,1.797693135e+308,1.797693135e+308,3433.6,2809.6,0,1.797693135e+308,10:29:59,500,3129.8,1,3132.8,1,1.797693135e+308,0,1.797693135e+308,0,1.797693135e+308,0,1.797693135e+308,0,1.797693135e+308,0,1.797693135e+308,0,1.797693135e+308,0,1.797693135e+308,0,939361.4286,20160810
20160810,IF1703,,,3131.8,3121.6,3127.6,805,3124.4,3143.8,3120.8,42,39453180,801,1.797693135e+308,1.797693135e+308,3433.6,2809.6,0,1.797693135e+308,10:30:00,0,3129.8,1,3133,2,1.797693135e+308,0,1.797693135e+308,0,1.797693135e+308,0,1.797693135e+308,0,1.797693135e+308,0,1.797693135e+308,0,1.797693135e+308,0,1.797693135e+308,0,939361.4286,20160810
20160810,IF1703,,,3131.8,3121.6,3127.6,805,3124.4,3143.8,3120.8,42,39453180,801,1.797693135e+308,1.797693135e+308,3433.6,2809.6,0,1.797693135e+308,10:30:04,500,3129.8,1,3133,2,1.797693135e+308,0,1.797693135e+308,0,1.797693135e+308,0,1.797693135e+308,0,1.797693135e+308,0,1.797693135e+308,0,1.797693135e+308,0,1.797693135e+308,0,939361.4286,20160810
20160810,IF1703,,,3133,3121.6,3127.6,805,3124.4,3143.8,3120.8,43,40393080,801,1.797693135e+308,1.797693135e+308,3433.6,2809.6,0,1.797693135e+308,10:30:11,0,3129.8,1,3133,1,1.797693135e+308,0,1.797693135e+308,0,1.797693135e+308,0,1.797693135e+308,0,1.797693135e+308,0,1.797693135e+308,0,1.797693135e+308,0,1.797693135e+308,0,939373.9535,20160810
20160810,IF1703,,,3133,3121.6,3127.6,805,3124.4,3143.8,3120.8,44,41332980,801,1.797693135e+308,1.797693135e+308,3433.6,2809.6,0,1.797693135e+308,10:30:15,0,3129.8,1,3178,1,1.797693135e+308,0,1.797693135e+308,0,1.797693135e+308,0,1.797693135e+308,0,1.797693135e+308,0,1.797693135e+308,0,1.797693135e+308,0,1.797693135e+308,0,939385.9091,20160810
20160810,IF1703,,,3133,3121.6,3127.6,805,3124.4,3143.8,3120.8,44,41332980,801,1.797693135e+308,1.797693135e+308,3433.6,2809.6,0,1.797693135e+308,10:30:15,500,3130,1,3133,1,1.797693135e+308,0,1.797693135e+308,0,1.797693135e+308,0,1.797693135e+308,0,1.797693135e+308,0,1.797693135e+308,0,1.797693135e+308,0,1.797693135e+308,0,939385.9091,20160810
20160810,IF1703,,,3133,3121.6,3127.6,805,3124.4,3143.8,3120.8,44,41332980,801,1.797693135e+308,1.797693135e+308,3433.6,2809.6,0,1.797693135e+308,10:30:16,0,3130.2,1,3133,1,1.797693135e+308,0,1.797693135e+308,0,1.797693135e+308,0,1.797693135e+308,0,1.797693135e+308,0,1.797693135e+308,0,1.797693135e+308,0,1.797693135e+308,0,939385.9091,20160810
20160810,IF1703,,,3133,3121.6,3127.6,805,3124.4,3143.8,3120.8,44,41332980,801,1.797693135e+308,1.797693135e+308,3433.6,2809.6,0,1.797693135e+308,10:30:16,500,3130.2,1,3133,1,1.797693135e+308,0,1.797693135e+308,0,1.797693135e+308,0,1.797693135e+308,0,1.797693135e+308,0,1.797693135e+308,0,1.797693135e+308,0,1.797693135e+308,0,939385.9091,20160810
20160810,IF1703,,,3130.2,3121.6,3127.6,805,3124.4,3143.8,3120.8,45,42272040,800,1.797693135e+308,1.797693135e+308,3433.6,2809.6,0,1.797693135e+308,10:30:17,0,3127.4,3,3133,1,1.797693135e+308,0,1.797693135e+308,0,1.797693135e+308,0,1.797693135e+308,0,1.797693135e+308,0,1.797693135e+308,0,1.797693135e+308,0,1.797693135e+308,0,939378.6667,20160810
20160810,IF1703,,,3130.2,3121.6,3127.6,805,3124.4,3143.8,3120.8,45,42272040,800,1.797693135e+308,1.797693135e+308,3433.6,2809.6,0,1.797693135e+308,10:30:18,500,3128.2,1,3133,1,1.797693135e+308,0,1.797693135e+308,0,1.797693135e+308,0,1.797693135e+308,0,1.797693135e+308,0,1.797693135e+308,0,1.797693135e+308,0,1.797693135e+308,0,939378.6667,20160810
20160810,IF1703,,,3133,3121.6,3127.6,805,3124.4,3143.8,3120.8,46,43211940,801,1.797693135e+308,1.797693135e+308,3433.6,2809.6,0,1.797693135e+308,10:30:22,500,3128.2,1,3134,1,1.797693135e+308,0,1.797693135e+308,0,1.797693135e+308,0,1.797693135e+308,0,1.797693135e+308,0,1.797693135e+308,0,1.797693135e+308,0,1.797693135e+308,0,939390,20160810
20160810,IF1703,,,3133,3121.6,3127.6,805,3124.4,3143.8,3120.8,46,43211940,801,1.797693135e+308,1.797693135e+308,3433.6,2809.6,0,1.797693135e+308,10:30:23,0,3128.4,1,3133.8,2,1.797693135e+308,0,1.797693135e+308,0,1.797693135e+308,0,1.797693135e+308,0,1.797693135e+308,0,1.797693135e+308,0,1.797693135e+308,0,1.797693135e+308,0,939390,20160810
20160810,IF1703,,,3133,3121.6,3127.6,805,3124.4,3143.8,3120.8,46,43211940,801,1.797693135e+308,1.797693135e+308,3433.6,2809.6,0,1.797693135e+308,10:30:24,0,3128.4,1,3133.8,2,1.797693135e+308,0,1.797693135e+308,0,1.797693135e+308,0,1.797693135e+308,0,1.797693135e+308,0,1.797693135e+308,0,1.797693135e+308,0,1.797693135e+308,0,939390,20160810
20160810,IF1703,,,3133,3121.6,3127.6,805,3124.4,3143.8,3120.8,46,43211940,801,1.797693135e+308,1.797693135e+308,3433.6,2809.6,0,1.797693135e+308,10:30:24,500,3128.4,1,3133.8,1,1.797693135e+308,0,1.797693135e+308,0,1.797693135e+308,0,1.797693135e+308,0,1.797693135e+308,0,1.797693135e+308,0,1.797693135e+308,0,1.797693135e+308,0,939390,20160810
20160810,IF1703,,,3133,3121.6,3127.6,805,3124.4,3143.8,3120.8,46,43211940,801,1.797693135e+308,1.797693135e+308,3433.6,2809.6,0,1.797693135e+308,10:30:25,0,3128.8,1,3133.8,1,1.797693135e+308,0,1.797693135e+308,0,1.797693135e+308,0,1.797693135e+308,0,1.797693135e+308,0,1.797693135e+308,0,1.797693135e+308,0,1.797693135e+308,0,939390,20160810
20160810,IF1703,,,3133,3121.6,3127.6,805,3124.4,3143.8,3120.8,46,43211940,801,1.797693135e+308,1.797693135e+308,3433.6,2809.6,0,1.797693135e+308,10:30:26,0,3128.8,1,3133.8,1,1.797693135e+308,0,1.797693135e+308,0,1.797693135e+308,0,1.797693135e+308,0,1.797693135e+308,0,1.797693135e+308,0,1.797693135e+308,0,1.797693135e+308,0,939390,20160810
20160810,IF1703,,,3133,3121.6,3127.6,805,3124.4,3143.8,3120.8,46,43211940,801,1.797693135e+308,1.797693135e+308,3433.6,2809.6,0,1.797693135e+308,10:30:30,0,3129,1,3133.8,1,1.797693135e+308,0,1.797693135e+308,0,1.797693135e+308,0,1.797693135e+308,0,1.797693135e+308,0,1.797693135e+308,0,1.797693135e+308,0,1.797693135e+308,0,939390,20160810
20160810,IF1703,,,3133,3121.6,3127.6,805,3124.4,3143.8,3120.8,46,43211940,801,1.797693135e+308,1.797693135e+308,3433.6,2809.6,0,1.797693135e+308,10:30:31,500,3129.2,1,3133.8,1,1.797693135e+308,0,1.797693135e+308,0,1.797693135e+308,0,1.797693135e+308,0,1.797693135e+308,0,1.797693135e+308,0,1.797693135e+308,0,1.797693135e+308,0,939390,20160810
20160810,IF1703,,,3133,3121.6,3127.6,805,3124.4,3143.8,3120.8,46,43211940,801,1.797693135e+308,1.797693135e+308,3433.6,2809.6,0,1.797693135e+308,10:30:32,500,3129.2,1,3133.8,1,1.797693135e+308,0,1.797693135e+308,0,1.797693135e+308,0,1.797693135e+308,0,1.797693135e+308,0,1.797693135e+308,0,1.797693135e+308,0,1.797693135e+308,0,939390,20160810
20160810,IF1703,,,3133,3121.6,3127.6,805,3124.4,3143.8,3120.8,46,43211940,801,1.797693135e+308,1.797693135e+308,3433.6,2809.6,0,1.797693135e+308,10:30:36,0,3129.2,2,3133.8,1,1.797693135e+308,0,1.797693135e+308,0,1.797693135e+308,0,1.797693135e+308,0,1.797693135e+308,0,1.797693135e+308,0,1.797693135e+308,0,1.797693135e+308,0,939390,20160810
20160810,IF1703,,,3133,3121.6,3127.6,805,3124.4,3143.8,3120.8,46,43211940,801,1.797693135e+308,1.797693135e+308,3433.6,2809.6,0,1.797693135e+308,10:30:38,0,3129.4,1,3133.8,1,1.797693135e+308,0,1.797693135e+308,0,1.797693135e+308,0,1.797693135e+308,0,1.797693135e+308,0,1.797693135e+308,0,1.797693135e+308,0,1.797693135e+308,0,939390,20160810
20160810,IF1703,,,3133,3121.6,3127.6,805,3124.4,3143.8,3120.8,46,43211940,801,1.797693135e+308,1.797693135e+308,3433.6,2809.6,0,1.797693135e+308,10:30:38,500,3129.4,1,3133.8,1,1.797693135e+308,0,1.797693135e+308,0,1.797693135e+308,0,1.797693135e+308,0,1.797693135e+308,0,1.797693135e+308,0,1.797693135e+308,0,1.797693135e+308,0,939390,20160810
20160810,IF1703,,,3133.8,3121.6,3127.6,805,3124.4,3143.8,3120.8,47,44152080,800,1.797693135e+308,1.797693135e+308,3433.6,2809.6,0,1.797693135e+308,10:30:43,0,3129.4,1,3178,1,1.797693135e+308,0,1.797693135e+308,0,1.797693135e+308,0,1.797693135e+308,0,1.797693135e+308,0,1.797693135e+308,0,1.797693135e+308,0,1.797693135e+308,0,939405.9574,20160810
20160810,IF1703,,,3133.8,3121.6,3127.6,805,3124.4,3143.8,3120.8,47,44152080,800,1.797693135e+308,1.797693135e+308,3433.6,2809.6,0,1.797693135e+308,10:30:43,500,3129.6,2,3135.8,1,1.797693135e+308,0,1.797693135e+308,0,1.797693135e+308,0,1.797693135e+308,0,1.797693135e+308,0,1.797693135e+308,0,1.797693135e+308,0,1.797693135e+308,0,939405.9574,20160810
20160810,IF1703,,,3133.8,3121.6,3127.6,805,3124.4,3143.8,3120.8,47,44152080,800,1.797693135e+308,1.797693135e+308,3433.6,2809.6,0,1.797693135e+308,10:30:44,0,3129.6,1,3135.8,1,1.797693135e+308,0,1.797693135e+308,0,1.797693135e+308,0,1.797693135e+308,0,1.797693135e+308,0,1.797693135e+308,0,1.797693135e+308,0,1.797693135e+308,0,939405.9574,20160810
20160810,IF1703,,,3133.8,3121.6,3127.6,805,3124.4,3143.8,3120.8,47,44152080,800,1.797693135e+308,1.797693135e+308,3433.6,2809.6,0,1.797693135e+308,10:30:44,500,3130.4,1,3135.6,1,1.797693135e+308,0,1.797693135e+308,0,1.797693135e+308,0,1.797693135e+308,0,1.797693135e+308,0,1.797693135e+308,0,1.797693135e+308,0,1.797693135e+308,0,939405.9574,20160810
20160810,IF1703,,,3133.8,3121.6,3127.6,805,3124.4,3143.8,3120.8,47,44152080,800,1.797693135e+308,1.797693135e+308,3433.6,2809.6,0,1.797693135e+308,10:30:45,0,3129.6,1,3135.6,1,1.797693135e+308,0,1.797693135e+308,0,1.797693135e+308,0,1.797693135e+308,0,1.797693135e+308,0,1.797693135e+308,0,1.797693135e+308,0,1.797693135e+308,0,939405.9574,20160810
20160810,IF1703,,,3133.8,3121.6,3127.6,805,3124.4,3143.8,3120.8,47,44152080,800,1.797693135e+308,1.797693135e+308,3433.6,2809.6,0,1.797693135e+308,10:30:45,500,3129.6,2,3135.6,1,1.797693135e+308,0,1.797693135e+308,0,1.797693135e+308,0,1.797693135e+308,0,1.797693135e+308,0,1.797693135e+308,0,1.797693135e+308,0,1.797693135e+308,0,939405.9574,20160810
20160810,IF1703,,,3133.8,3121.6,3127.6,805,3124.4,3143.8,3120.8,47,44152080,800,1.797693135e+308,1.797693135e+308,3433.6,2809.6,0,1.797693135e+308,10:30:46,500,3130,1,3135.6,1,1.797693135e+308,0,1.797693135e+308,0,1.797693135e+308,0,1.797693135e+308,0,1.797693135e+308,0,1.797693135e+308,0,1.797693135e+308,0,1.797693135e+308,0,939405.9574,20160810
20160810,IF1703,,,3133.8,3121.6,3127.6,805,3124.4,3143.8,3120.8,47,44152080,800,1.797693135e+308,1.797693135e+308,3433.6,2809.6,0,1.797693135e+308,10:30:48,500,3130,1,3135.6,1,1.797693135e+308,0,1.797693135e+308,0,1.797693135e+308,0,1.797693135e+308,0,1.797693135e+308,0,1.797693135e+308,0,1.797693135e+308,0,1.797693135e+308,0,939405.9574,20160810
20160810,IF1703,,,3133.8,3121.6,3127.6,805,3124.4,3143.8,3120.8,47,44152080,800,1.797693135e+308,1.797693135e+308,3433.6,2809.6,0,1.797693135e+308,10:30:49,500,3130,1,3135.6,1,1.797693135e+308,0,1.797693135e+308,0,1.797693135e+308,0,1.797693135e+308,0,1.797693135e+308,0,1.797693135e+308,0,1.797693135e+308,0,1.797693135e+308,0,939405.9574,20160810
20160810,IF1703,,,3130.2,3121.6,3127.6,805,3124.4,3143.8,3120.8,48,45091140,800,1.797693135e+308,1.797693135e+308,3433.6,2809.6,0,1.797693135e+308,10:33:38,500,3130,1,3131,1,1.797693135e+308,0,1.797693135e+308,0,1.797693135e+308,0,1.797693135e+308,0,1.797693135e+308,0,1.797693135e+308,0,1.797693135e+308,0,1.797693135e+308,0,939398.75,20160810
20160810,IF1703,,,3130.2,3121.6,3127.6,805,3124.4,3143.8,3120.8,48,45091140,800,1.797693135e+308,1.797693135e+308,3433.6,2809.6,0,1.797693135e+308,10:34:27,500,3130,1,3130.8,1,1.797693135e+308,0,1.797693135e+308,0,1.797693135e+308,0,1.797693135e+308,0,1.797693135e+308,0,1.797693135e+308,0,1.797693135e+308,0,1.797693135e+308,0,939398.75,20160810
20160810,IF1703,,,3130.2,3121.6,3127.6,805,3124.4,3143.8,3120.8,48,45091140,800,1.797693135e+308,1.797693135e+308,3433.6,2809.6,0,1.797693135e+308,10:34:32,500,3130,1,3130.8,1,1.797693135e+308,0,1.797693135e+308,0,1.797693135e+308,0,1.797693135e+308,0,1.797693135e+308,0,1.797693135e+308,0,1.797693135e+308,0,1.797693135e+308,0,939398.75,20160810
20160810,IF1703,,,3124.2,3121.6,3127.6,805,3124.4,3143.8,3120.8,58,54473400,801,,,3433.6,2809.6,0,,10:45:48,0,3122.8,1,3126.2,1,1.797693135e+308,0,1.797693135e+308,0,1.797693135e+308,0,1.797693135e+308,0,1.797693135e+308,0,1.797693135e+308,0,1.797693135e+308,0,1.797693135e+308,0,939196.5517,20160810
20160810,IF1703,,,3124.2,3121.6,3127.6,805,3124.4,3143.8,3120.8,58,54473400,801,,,3433.6,2809.6,0,,10:45:49,0,3122.8,1,3126,1,1.797693135e+308,0,1.797693135e+308,0,1.797693135e+308,0,1.797693135e+308,0,1.797693135e+308,0,1.797693135e+308,0,1.797693135e+308,0,1.797693135e+308,0,939196.5517,20160810
20160810,IF1703,,,3132,3121.6,3127.6,805,3124.4,3143.8,3120.8,65,61048800,798,,,3433.6,2809.6,0,,10:59:20,0,3131.2,1,3134,1,,0,,0,,0,,0,,0,,0,,0,,0,939212.3077,20160810
20160810,IF1703,,,3132,3121.6,3127.6,805,3124.4,3143.8,3120.8,65,61048800,798,,,3433.6,2809.6,0,,10:59:24,0,3131,1,3134,1,,0,,0,,0,,0,,0,,0,,0,,0,939212.3077,20160810
20160810,IF1703,,,3132,3121.6,3127.6,805,3124.4,3143.8,3120.8,65,61048800,798,,,3433.6,2809.6,0,,10:59:27,500,3131.2,2,3134,1,,0,,0,,0,,0,,0,,0,,0,,0,939212.3077,20160810
20160810,IF1703,,,3132,3121.6,3127.6,805,3124.4,3143.8,3120.8,65,61048800,798,,,3433.6,2809.6,0,,10:59:56,0,3131.2,2,3134,1,,0,,0,,0,,0,,0,,0,,0,,0,939212.3077,20160810
20160810,IF1703,,,3132,3121.6,3127.6,805,3124.4,3143.8,3120.8,65,61048800,798,,,3433.6,2809.6,0,,11:00:00,0,3131.2,2,3134,1,,0,,0,,0,,0,,0,,0,,0,,0,939212.3077,20160810
20160810,IF1703,,,3132,3121.6,3127.6,805,3124.4,3143.8,3120.8,65,61048800,798,,,3433.6,2809.6,0,,11:00:00,500,3131.2,2,3133.8,2,,0,,0,,0,,0,,0,,0,,0,,0,939212.3077,20160810
20160810,IF1703,,,3132,3121.6,3127.6,805,3124.4,3143.8,3120.8,65,61048800,798,,,3433.6,2809.6,0,,11:00:01,500,3131.2,2,3133.8,1,,0,,0,,0,,0,,0,,0,,0,,0,939212.3077,20160810
20160810,IF1703,,,3132,3121.6,3127.6,805,3124.4,3143.8,3120.8,65,61048800,798,,,3433.6,2809.6,0,,11:00:04,500,3131.2,2,3134,1,,0,,0,,0,,0,,0,,0,,0,,0,939212.3077,20160810
20160810,IF1703,,,3132,3121.6,3127.6,805,3124.4,3143.8,3120.8,65,61048800,798,,,3433.6,2809.6,0,,11:00:05,0,3131.2,2,3133.8,1,,0,,0,,0,,0,,0,,0,,0,,0,939212.3077,20160810
20160810,IF1703,,,3132,3121.6,3127.6,805,3124.4,3143.8,3120.8,65,61048800,798,,,3433.6,2809.6,0,,11:00:17,500,3131.2,2,3134,1,,0,,0,,0,,0,,0,,0,,0,,0,939212.3077,20160810
20160810,IF1703,,,3132,3121.6,3127.6,805,3124.4,3143.8,3120.8,65,61048800,798,,,3433.6,2809.6,0,,11:00:19,500,3131.2,2,3133.8,1,,0,,0,,0,,0,,0,,0,,0,,0,939212.3077,20160810
20160810,IF1703,,,3132,3121.6,3127.6,805,3124.4,3143.8,3120.8,65,61048800,798,,,3433.6,2809.6,0,,11:00:20,0,3131.2,2,3134,1,,0,,0,,0,,0,,0,,0,,0,,0,939212.3077,20160810
20160810,IF1703,,,3132,3121.6,3127.6,805,3124.4,3143.8,3120.8,65,61048800,798,,,3433.6,2809.6,0,,11:00:43,0,3131.2,2,3133.8,1,,0,,0,,0,,0,,0,,0,,0,,0,939212.3077,20160810
20160810,IF1703,,,3132,3121.6,3127.6,805,3124.4,3143.8,3120.8,65,61048800,798,,,3433.6,2809.6,0,,11:00:43,500,3131.2,2,3134,1,,0,,0,,0,,0,,0,,0,,0,,0,939212.3077,20160810
20160810,IF1703,,,3132,3121.6,3127.6,805,3124.4,3143.8,3120.8,65,61048800,798,,,3433.6,2809.6,0,,11:00:44,500,3131.2,2,3133.8,1,,0,,0,,0,,0,,0,,0,,0,,0,939212.3077,20160810
20160810,IF1703,,,3132,3121.6,3127.6,805,3124.4,3143.8,3120.8,65,61048800,798,,,3433.6,2809.6,0,,11:00:46,0,3131.2,2,3133.8,2,,0,,0,,0,,0,,0,,0,,0,,0,939212.3077,20160810
20160810,IF1703,,,3132,3121.6,3127.6,805,3124.4,3143.8,3120.8,65,61048800,798,,,3433.6,2809.6,0,,11:00:46,500,3131.2,2,3133.8,1,,0,,0,,0,,0,,0,,0,,0,,0,939212.3077,20160810
20160810,IF1703,,,3132,3121.6,3127.6,805,3124.4,3143.8,3120.8,65,61048800,798,,,3433.6,2809.6,0,,11:00:52,500,3131.2,2,3134,1,,0,,0,,0,,0,,0,,0,,0,,0,939212.3077,20160810
20160810,IF1703,,,3132,3121.6,3127.6,805,3124.4,3143.8,3120.8,65,61048800,798,,,3433.6,2809.6,0,,11:00:57,500,3131.4,1,3134,1,,0,,0,,0,,0,,0,,0,,0,,0,939212.3077,20160810
20160810,IF1703,,,3132,3121.6,3127.6,805,3124.4,3143.8,3120.8,65,61048800,798,,,3433.6,2809.6,0,,11:01:05,0,3131.4,1,3133.8,1,,0,,0,,0,,0,,0,,0,,0,,0,939212.3077,20160810
20160810,IF1703,,,3132,3121.6,3127.6,805,3124.4,3143.8,3120.8,65,61048800,798,,,3433.6,2809.6,0,,11:01:05,500,3131.2,2,3134,1,,0,,0,,0,,0,,0,,0,,0,,0,939212.3077,20160810
20160810,IF1703,,,3132,3121.6,3127.6,805,3124.4,3143.8,3120.8,65,61048800,798,,,3433.6,2809.6,0,,11:01:06,0,3111.4,1,3133.6,2,,0,,0,,0,,0,,0,,0,,0,,0,939212.3077,20160810
20160810,IF1703,,,3132,3121.6,3127.6,805,3124.4,3143.8,3120.8,65,61048800,798,,,3433.6,2809.6,0,,11:01:06,500,3129.4,1,3133.4,3,,0,,0,,0,,0,,0,,0,,0,,0,939212.3077,20160810
20160810,IF1703,,,3132,3121.6,3127.6,805,3124.4,3143.8,3120.8,65,61048800,798,,,3433.6,2809.6,0,,11:01:07,0,3111.4,1,3133.4,3,,0,,0,,0,,0,,0,,0,,0,,0,939212.3077,20160810
20160810,IF1703,,,3132,3121.6,3127.6,805,3124.4,3143.8,3120.8,65,61048800,798,,,3433.6,2809.6,0,,11:01:07,500,3129.2,1,3133.2,2,,0,,0,,0,,0,,0,,0,,0,,0,939212.3077,20160810
20160810,IF1703,,,3132,3121.6,3127.6,805,3124.4,3143.8,3120.8,65,61048800,798,,,3433.6,2809.6,0,,11:01:08,0,3127,1,3133.2,1,,0,,0,,0,,0,,0,,0,,0,,0,939212.3077,20160810
20160810,IF1703,,,3132,3121.6,3127.6,805,3124.4,3143.8,3120.8,65,61048800,798,,,3433.6,2809.6,0,,11:01:08,500,3129.2,1,3133.2,1,,0,,0,,0,,0,,0,,0,,0,,0,939212.3077,20160810
20160810,IF1703,,,3132,3121.6,3127.6,805,3124.4,3143.8,3120.8,65,61048800,798,,,3433.6,2809.6,0,,11:01:09,0,3129.2,1,3133.2,1,,0,,0,,0,,0,,0,,0,,0,,0,939212.3077,20160810
20160810,IF1703,,,3132,3121.6,3127.6,805,3124.4,3143.8,3120.8,65,61048800,798,,,3433.6,2809.6,0,,11:01:09,500,3129.2,1,3133.2,1,,0,,0,,0,,0,,0,,0,,0,,0,939212.3077,20160810
20160810,IF1703,,,3132,3121.6,3127.6,805,3124.4,3143.8,3120.8,65,61048800,798,,,3433.6,2809.6,0,,11:01:12,0,3129.2,1,3133,2,,0,,0,,0,,0,,0,,0,,0,,0,939212.3077,20160810
20160810,IF1703,,,3132,3121.6,3127.6,805,3124.4,3143.8,3120.8,65,61048800,798,,,3433.6,2809.6,0,,11:01:18,500,3129.2,1,3132.8,1,,0,,0,,0,,0,,0,,0,,0,,0,939212.3077,20160810
20160810,IF1703,,,3132,3121.6,3127.6,805,3124.4,3143.8,3120.8,65,61048800,798,,,3433.6,2809.6,0,,11:01:21,0,3129.2,1,3132.6,2,,0,,0,,0,,0,,0,,0,,0,,0,939212.3077,20160810
20160810,IF1703,,,3132,3121.6,3127.6,805,3124.4,3143.8,3120.8,65,61048800,798,,,3433.6,2809.6,0,,11:01:24,0,3129.2,1,3132.4,1,,0,,0,,0,,0,,0,,0,,0,,0,939212.3077,20160810
20160810,IF1703,,,3132,3121.6,3127.6,805,3124.4,3143.8,3120.8,65,61048800,798,,,3433.6,2809.6,0,,11:01:31,500,3129.2,1,3132.2,2,,0,,0,,0,,0,,0,,0,,0,,0,939212.3077,20160810
20160810,IF1703,,,3132,3121.6,3127.6,805,3124.4,3143.8,3120.8,65,61048800,798,,,3433.6,2809.6,0,,11:01:32,0,3129.2,1,3132,1,,0,,0,,0,,0,,0,,0,,0,,0,939212.3077,20160810
20160810,IF1703,,,3132,3121.6,3127.6,805,3124.4,3143.8,3120.8,65,61048800,798,,,3433.6,2809.6,0,,11:01:33,500,3111.4,1,3132,1,,0,,0,,0,,0,,0,,0,,0,,0,939212.3077,20160810
20160810,IF1703,,,3132,3121.6,3127.6,805,3124.4,3143.8,3120.8,65,61048800,798,,,3433.6,2809.6,0,,11:01:34,0,3128.6,1,3131.8,1,,0,,0,,0,,0,,0,,0,,0,,0,939212.3077,20160810
20160810,IF1703,,,3132,3121.6,3127.6,805,3124.4,3143.8,3120.8,65,61048800,798,,,3433.6,2809.6,0,,11:01:34,500,3111.4,1,3132,1,,0,,0,,0,,0,,0,,0,,0,,0,939212.3077,20160810
20160810,IF1703,,,3132,3121.6,3127.6,805,3124.4,3143.8,3120.8,65,61048800,798,,,3433.6,2809.6,0,,11:01:35,0,3128.6,1,3131.8,1,,0,,0,,0,,0,,0,,0,,0,,0,939212.3077,20160810
20160810,IF1703,,,3132,3121.6,3127.6,805,3124.4,3143.8,3120.8,65,61048800,798,,,3433.6,2809.6,0,,11:01:35,500,3128.6,1,3132,1,,0,,0,,0,,0,,0,,0,,0,,0,939212.3077,20160810
20160810,IF1703,,,3132,3121.6,3127.6,805,3124.4,3143.8,3120.8,65,61048800,798,,,3433.6,2809.6,0,,11:01:36,0,3128.8,1,3132,1,,0,,0,,0,,0,,0,,0,,0,,0,939212.3077,20160810
20160810,IF1703,,,3132,3121.6,3127.6,805,3124.4,3143.8,3120.8,65,61048800,798,,,3433.6,2809.6,0,,11:01:40,500,3128.8,1,3131.8,1,,0,,0,,0,,0,,0,,0,,0,,0,939212.3077,20160810
20160810,IF1703,,,3132,3121.6,3127.6,805,3124.4,3143.8,3120.8,65,61048800,798,,,3433.6,2809.6,0,,11:01:41,0,3128.8,1,3131.8,2,,0,,0,,0,,0,,0,,0,,0,,0,939212.3077,20160810
20160810,IF1703,,,3132,3121.6,3127.6,805,3124.4,3143.8,3120.8,65,61048800,798,,,3433.6,2809.6,0,,11:01:43,0,3128.8,1,3131.6,1,,0,,0,,0,,0,,0,,0,,0,,0,939212.3077,20160810
20160810,IF1703,,,3132,3121.6,3127.6,805,3124.4,3143.8,3120.8,65,61048800,798,,,3433.6,2809.6,0,,11:01:43,500,3129,1,3131.6,1,,0,,0,,0,,0,,0,,0,,0,,0,939212.3077,20160810
20160810,IF1703,,,3132,3121.6,3127.6,805,3124.4,3143.8,3120.8,65,61048800,798,,,3433.6,2809.6,0,,11:01:44,0,3129,1,3131.6,1,,0,,0,,0,,0,,0,,0,,0,,0,939212.3077,20160810
20160810,IF1703,,,3132,3121.6,3127.6,805,3124.4,3143.8,3120.8,65,61048800,798,,,3433.6,2809.6,0,,11:01:44,500,3129.2,1,3131.6,1,,0,,0,,0,,0,,0,,0,,0,,0,939212.3077,20160810
20160810,IF1703,,,3132,3121.6,3127.6,805,3124.4,3143.8,3120.8,65,61048800,798,,,3433.6,2809.6,0,,11:01:45,0,3129,1,3131.6,1,,0,,0,,0,,0,,0,,0,,0,,0,939212.3077,20160810
20160810,IF1703,,,3132,3121.6,3127.6,805,3124.4,3143.8,3120.8,65,61048800,798,,,3433.6,2809.6,0,,11:02:01,500,3111.4,1,3131.6,1,,0,,0,,0,,0,,0,,0,,0,,0,939212.3077,20160810
20160810,IF1703,,,3132,3121.6,3127.6,805,3124.4,3143.8,3120.8,65,61048800,798,,,3433.6,2809.6,0,,11:02:02,0,3128.6,1,3131.4,3,,0,,0,,0,,0,,0,,0,,0,,0,939212.3077,20160810
20160810,IF1703,,,3132,3121.6,3127.6,805,3124.4,3143.8,3120.8,65,61048800,798,,,3433.6,2809.6,0,,11:02:02,500,3128.6,1,3131.4,2,,0,,0,,0,,0,,0,,0,,0,,0,939212.3077,20160810
20160810,IF1703,,,3132,3121.6,3127.6,805,3124.4,3143.8,3120.8,65,61048800,798,,,3433.6,2809.6,0,,11:02:08,500,3128.6,1,3131.2,1,,0,,0,,0,,0,,0,,0,,0,,0,939212.3077,20160810
20160810,IF1703,,,3132,3121.6,3127.6,805,3124.4,3143.8,3120.8,65,61048800,798,,,3433.6,2809.6,0,,11:02:16,500,3111.4,1,3131.2,1,,0,,0,,0,,0,,0,,0,,0,,0,939212.3077,20160810
20160810,IF1703,,,3132,3121.6,3127.6,805,3124.4,3143.8,3120.8,65,61048800,798,,,3433.6,2809.6,0,,11:02:17,0,3127.4,1,3131,3,,0,,0,,0,,0,,0,,0,,0,,0,939212.3077,20160810
20160810,IF1703,,,3132,3121.6,3127.6,805,3124.4,3143.8,3120.8,65,61048800,798,,,3433.6,2809.6,0,,11:02:17,500,3126.4,1,3131,2,,0,,0,,0,,0,,0,,0,,0,,0,939212.3077,20160810
20160810,IF1703,,,3132,3121.6,3127.6,805,3124.4,3143.8,3120.8,65,61048800,798,,,3433.6,2809.6,0,,11:02:18,0,3127.6,1,3131,2,,0,,0,,0,,0,,0,,0,,0,,0,939212.3077,20160810
20160810,IF1703,,,3132,3121.6,3127.6,805,3124.4,3143.8,3120.8,65,61048800,798,,,3433.6,2809.6,0,,11:02:18,500,3127.6,1,3131,2,,0,,0,,0,,0,,0,,0,,0,,0,939212.3077,20160810
20160810,IF1703,,,3132,3121.6,3127.6,805,3124.4,3143.8,3120.8,65,61048800,798,,,3433.6,2809.6,0,,11:02:23,500,3111.4,1,3130.8,1,,0,,0,,0,,0,,0,,0,,0,,0,939212.3077,20160810
20160810,IF1703,,,3132,3121.6,3127.6,805,3124.4,3143.8,3120.8,65,61048800,798,,,3433.6,2809.6,0,,11:02:24,0,3127.2,1,3130.6,1,,0,,0,,0,,0,,0,,0,,0,,0,939212.3077,20160810
20160810,IF1703,,,3132,3121.6,3127.6,805,3124.4,3143.8,3120.8,65,61048800,798,,,3433.6,2809.6,0,,11:02:24,500,3111.4,1,3130.4,3,,0,,0,,0,,0,,0,,0,,0,,0,939212.3077,20160810
20160810,IF1703,,,3132,3121.6,3127.6,805,3124.4,3143.8,3120.8,65,61048800,798,,,3433.6,2809.6,0,,11:02:25,0,3127.2,1,3130.4,3,,0,,0,,0,,0,,0,,0,,0,,0,939212.3077,20160810
20160810,IF1703,,,3132,3121.6,3127.6,805,3124.4,3143.8,3120.8,65,61048800,798,,,3433.6,2809.6,0,,11:02:25,500,3127.2,1,3130.4,3,,0,,0,,0,,0,,0,,0,,0,,0,939212.3077,20160810
20160810,IF1703,,,3132,3121.6,3127.6,805,3124.4,3143.8,3120.8,65,61048800,798,,,3433.6,2809.6,0,,11:02:26,0,3127.4,1,3130.4,3,,0,,0,,0,,0,,0,,0,,0,,0,939212.3077,20160810
20160810,IF1703,,,3129.4,3121.6,3127.6,805,3124.4,3143.8,3120.8,67,62926440,797,,,3433.6,2809.6,0,,11:03:26,500,3129.4,1,3133.4,1,,0,,0,,0,,0,,0,,0,,0,,0,939200.597,20160810
20160810,IF1703,,,3129.4,3121.6,3127.6,805,3124.4,3143.8,3120.8,67,62926440,797,,,3433.6,2809.6,0,,11:03:27,0,3129.4,1,3133.4,2,,0,,0,,0,,0,,0,,0,,0,,0,939200.597,20160810
20160810,IF1703,,,3129.4,3121.6,3127.6,805,3124.4,3143.8,3120.8,67,62926440,797,,,3433.6,2809.6,0,,11:03:27,500,3129.4,1,3133.2,1,,0,,0,,0,,0,,0,,0,,0,,0,939200.597,20160810
20160810,IF1703,,,3129.4,3121.6,3127.6,805,3124.4,3143.8,3120.8,67,62926440,797,,,3433.6,2809.6,0,,11:03:28,500,3129.4,1,3133,2,,0,,0,,0,,0,,0,,0,,0,,0,939200.597,20160810
20160810,IF1703,,,3129.4,3121.6,3127.6,805,3124.4,3143.8,3120.8,67,62926440,797,,,3433.6,2809.6,0,,11:03:29,0,3129.4,1,3133,3,,0,,0,,0,,0,,0,,0,,0,,0,939200.597,20160810
20160810,IF1703,,,3129.4,3121.6,3127.6,805,3124.4,3143.8,3120.8,67,62926440,797,,,3433.6,2809.6,0,,11:03:29,500,3129.4,1,3132.8,1,,0,,0,,0,,0,,0,,0,,0,,0,939200.597,20160810
20160810,IF1703,,,3129.4,3121.6,3127.6,805,3124.4,3143.8,3120.8,67,62926440,797,,,3433.6,2809.6,0,,11:03:30,0,3129.4,1,3132.6,2,,0,,0,,0,,0,,0,,0,,0,,0,939200.597,20160810
20160810,IF1703,,,3129.4,3121.6,3127.6,805,3124.4,3143.8,3120.8,67,62926440,797,,,3433.6,2809.6,0,,11:03:30,500,3129.4,1,3132.6,2,,0,,0,,0,,0,,0,,0,,0,,0,939200.597,20160810
20160810,IF1703,,,3129.4,3121.6,3127.6,805,3124.4,3143.8,3120.8,67,62926440,797,,,3433.6,2809.6,0,,11:03:31,0,3129.4,1,3132.4,1,,0,,0,,0,,0,,0,,0,,0,,0,939200.597,20160810
20160810,IF1703,,,3129.4,3121.6,3127.6,805,3124.4,3143.8,3120.8,67,62926440,797,,,3433.6,2809.6,0,,11:03:33,0,3129.4,1,3132.4,1,,0,,0,,0,,0,,0,,0,,0,,0,939200.597,20160810
20160810,IF1703,,,3129.4,3121.6,3127.6,805,3124.4,3143.8,3120.8,67,62926440,797,,,3433.6,2809.6,0,,11:03:33,500,3129.4,1,3132.2,1,,0,,0,,0,,0,,0,,0,,0,,0,939200.597,20160810
20160810,IF1703,,,3129.4,3121.6,3127.6,805,3124.4,3143.8,3120.8,67,62926440,797,,,3433.6,2809.6,0,,11:03:34,0,3129.4,1,3132.2,1,,0,,0,,0,,0,,0,,0,,0,,0,939200.597,20160810
20160810,IF1703,,,3129.4,3121.6,3127.6,805,3124.4,3143.8,3120.8,67,62926440,797,,,3433.6,2809.6,0,,11:03:34,500,3129.4,1,3132,1,,0,,0,,0,,0,,0,,0,,0,,0,939200.597,20160810
20160810,IF1703,,,3129.4,3121.6,3127.6,805,3124.4,3143.8,3120.8,67,62926440,797,,,3433.6,2809.6,0,,11:03:42,0,3129.4,1,3132,1,,0,,0,,0,,0,,0,,0,,0,,0,939200.597,20160810
20160810,IF1703,,,3129.4,3121.6,3127.6,805,3124.4,3143.8,3120.8,67,62926440,797,,,3433.6,2809.6,0,,11:03:45,500,3129.4,1,3132,1,,0,,0,,0,,0,,0,,0,,0,,0,939200.597,20160810
20160810,IF1703,,,3129.4,3121.6,3127.6,805,3124.4,3143.8,3120.8,67,62926440,797,,,3433.6,2809.6,0,,11:04:31,500,3129.4,1,3131.8,1,,0,,0,,0,,0,,0,,0,,0,,0,939200.597,20160810
20160810,IF1703,,,3129.4,3121.6,3127.6,805,3124.4,3143.8,3120.8,67,62926440,797,,,3433.6,2809.6,0,,11:04:32,0,3129.4,1,3131.8,1,,0,,0,,0,,0,,0,,0,,0,,0,939200.597,20160810
20160810,IF1703,,,3129.4,3121.6,3127.6,805,3124.4,3143.8,3120.8,67,62926440,797,,,3433.6,2809.6,0,,11:04:32,500,3129.4,1,3131.6,1,,0,,0,,0,,0,,0,,0,,0,,0,939200.597,20160810
20160810,IF1703,,,3129.4,3121.6,3127.6,805,3124.4,3143.8,3120.8,67,62926440,797,,,3433.6,2809.6,0,,11:04:34,500,3129.4,1,3131.8,1,,0,,0,,0,,0,,0,,0,,0,,0,939200.597,20160810
20160810,IF1703,,,3129.4,3121.6,3127.6,805,3124.4,3143.8,3120.8,67,62926440,797,,,3433.6,2809.6,0,,11:04:35,0,3129.4,1,3131.6,1,,0,,0,,0,,0,,0,,0,,0,,0,939200.597,20160810
20160810,IF1703,,,3129.4,3121.6,3127.6,805,3124.4,3143.8,3120.8,67,62926440,797,,,3433.6,2809.6,0,,11:04:47,0,3129.4,1,3131.4,1,,0,,0,,0,,0,,0,,0,,0,,0,939200.597,20160810
20160810,IF1703,,,3129.4,3121.6,3127.6,805,3124.4,3143.8,3120.8,67,62926440,797,,,3433.6,2809.6,0,,11:04:47,500,3111.4,1,3131.2,1,,0,,0,,0,,0,,0,,0,,0,,0,939200.597,20160810
20160810,IF1703,,,3129.4,3121.6,3127.6,805,3124.4,3143.8,3120.8,67,62926440,797,,,3433.6,2809.6,0,,11:04:48,0,3127.2,1,3131,2,,0,,0,,0,,0,,0,,0,,0,,0,939200.597,20160810
20160810,IF1703,,,3129.4,3121.6,3127.6,805,3124.4,3143.8,3120.8,67,62926440,797,,,3433.6,2809.6,0,,11:04:48,500,3127.2,1,3131,1,,0,,0,,0,,0,,0,,0,,0,,0,939200.597,20160810
20160810,IF1703,,,3129.4,3121.6,3127.6,805,3124.4,3143.8,3120.8,67,62926440,797,,,3433.6,2809.6,0,,11:04:49,0,3127.2,1,3130.8,2,,0,,0,,0,,0,,0,,0,,0,,0,939200.597,20160810
20160810,IF1703,,,3129.4,3121.6,3127.6,805,3124.4,3143.8,3120.8,67,62926440,797,,,3433.6,2809.6,0,,11:04:50,500,3127.2,1,3130.8,1,,0,,0,,0,,0,,0,,0,,0,,0,939200.597,20160810
20160810,IF1703,,,3129.4,3121.6,3127.6,805,3124.4,3143.8,3120.8,67,62926440,797,,,3433.6,2809.6,0,,11:04:51,0,3127.2,1,3130.6,1,,0,,0,,0,,0,,0,,0,,0,,0,939200.597,20160810
20160810,IF1703,,,3129.4,3121.6,3127.6,805,3124.4,3143.8,3120.8,67,62926440,797,,,3433.6,2809.6,0,,11:04:52,500,3127.2,1,3130.4,1,,0,,0,,0,,0,,0,,0,,0,,0,939200.597,20160810
20160810,IF1703,,,3129.4,3121.6,3127.6,805,3124.4,3143.8,3120.8,67,62926440,797,,,3433.6,2809.6,0,,11:04:53,0,3127.2,1,3130.4,1,,0,,0,,0,,0,,0,,0,,0,,0,939200.597,20160810
20160810,IF1703,,,3129.4,3121.6,3127.6,805,3124.4,3143.8,3120.8,67,62926440,797,,,3433.6,2809.6,0,,11:05:00,0,3111.4,1,3130.4,1,,0,,0,,0,,0,,0,,0,,0,,0,939200.597,20160810
20160810,IF1703,,,3129.4,3121.6,3127.6,805,3124.4,3143.8,3120.8,67,62926440,797,,,3433.6,2809.6,0,,11:05:00,500,3127,1,3130.2,1,,0,,0,,0,,0,,0,,0,,0,,0,939200.597,20160810
20160810,IF1703,,,3129.4,3121.6,3127.6,805,3124.4,3143.8,3120.8,67,62926440,797,,,3433.6,2809.6,0,,11:05:01,0,3127,1,3130.4,1,,0,,0,,0,,0,,0,,0,,0,,0,939200.597,20160810
20160810,IF1703,,,3129.4,3121.6,3127.6,805,3124.4,3143.8,3120.8,67,62926440,797,,,3433.6,2809.6,0,,11:05:11,0,3127,1,3130.4,1,,0,,0,,0,,0,,0,,0,,0,,0,939200.597,20160810
20160810,IF1703,,,3129.4,3121.6,3127.6,805,3124.4,3143.8,3120.8,67,62926440,797,,,3433.6,2809.6,0,,11:05:11,500,3127,1,3130.2,1,,0,,0,,0,,0,,0,,0,,0,,0,939200.597,20160810
20160810,IF1703,,,3129.4,3121.6,3127.6,805,3124.4,3143.8,3120.8,67,62926440,797,,,3433.6,2809.6,0,,11:05:16,0,3111.4,1,3130.2,1,,0,,0,,0,,0,,0,,0,,0,,0,939200.597,20160810
20160810,IF1703,,,3129.4,3121.6,3127.6,805,3124.4,3143.8,3120.8,67,62926440,797,,,3433.6,2809.6,0,,11:05:16,500,3124,1,3130,1,,0,,0,,0,,0,,0,,0,,0,,0,939200.597,20160810
20160810,IF1703,,,3129.4,3121.6,3127.6,805,3124.4,3143.8,3120.8,67,62926440,797,,,3433.6,2809.6,0,,11:05:17,0,3124,1,3129.8,2,,0,,0,,0,,0,,0,,0,,0,,0,939200.597,20160810
20160810,IF1703,,,3129.4,3121.6,3127.6,805,3124.4,3143.8,3120.8,67,62926440,797,,,3433.6,2809.6,0,,11:05:17,500,3124.2,1,3129.8,2,,0,,0,,0,,0,,0,,0,,0,,0,939200.597,20160810
20160810,IF1703,,,3129.4,3121.6,3127.6,805,3124.4,3143.8,3120.8,67,62926440,797,,,3433.6,2809.6,0,,11:05:18,0,3124.4,1,3129.8,2,,0,,0,,0,,0,,0,,0,,0,,0,939200.597,20160810
20160810,IF1703,,,3129.4,3121.6,3127.6,805,3124.4,3143.8,3120.8,67,62926440,797,,,3433.6,2809.6,0,,11:05:18,500,3124.4,1,3129.8,2,,0,,0,,0,,0,,0,,0,,0,,0,939200.597,20160810
20160810,IF1703,,,3129.4,3121.6,3127.6,805,3124.4,3143.8,3120.8,67,62926440,797,,,3433.6,2809.6,0,,11:05:19,0,3124.6,1,3129.8,2,,0,,0,,0,,0,,0,,0,,0,,0,939200.597,20160810
20160810,IF1703,,,3129.4,3121.6,3127.6,805,3124.4,3143.8,3120.8,67,62926440,797,,,3433.6,2809.6,0,,11:05:22,0,3124.8,1,3129.8,2,,0,,0,,0,,0,,0,,0,,0,,0,939200.597,20160810
20160810,IF1703,,,3129.4,3121.6,3127.6,805,3124.4,3143.8,3120.8,67,62926440,797,,,3433.6,2809.6,0,,11:05:22,500,3124.8,1,3129.8,2,,0,,0,,0,,0,,0,,0,,0,,0,939200.597,20160810
20160810,IF1703,,,3129.4,3121.6,3127.6,805,3124.4,3143.8,3120.8,67,62926440,797,,,3433.6,2809.6,0,,11:05:23,0,3125,1,3129.8,2,,0,,0,,0,,0,,0,,0,,0,,0,939200.597,20160810
20160810,IF1703,,,3129.4,3121.6,3127.6,805,3124.4,3143.8,3120.8,67,62926440,797,,,3433.6,2809.6,0,,11:05:27,500,3125,1,3129.8,2,,0,,0,,0,,0,,0,,0,,0,,0,939200.597,20160810
20160810,IF1703,,,3129.4,3121.6,3127.6,805,3124.4,3143.8,3120.8,67,62926440,797,,,3433.6,2809.6,0,,11:05:28,0,3125.2,1,3129.8,2,,0,,0,,0,,0,,0,,0,,0,,0,939200.597,20160810
20160810,IF1703,,,3129.4,3121.6,3127.6,805,3124.4,3143.8,3120.8,67,62926440,797,,,3433.6,2809.6,0,,11:05:28,500,3125.2,1,3129.8,2,,0,,0,,0,,0,,0,,0,,0,,0,939200.597,20160810
20160810,IF1703,,,3129.4,3121.6,3127.6,805,3124.4,3143.8,3120.8,67,62926440,797,,,3433.6,2809.6,0,,11:05:29,0,3125.4,1,3129.8,2,,0,,0,,0,,0,,0,,0,,0,,0,939200.597,20160810
20160810,IF1703,,,3129.4,3121.6,3127.6,805,3124.4,3143.8,3120.8,67,62926440,797,,,3433.6,2809.6,0,,11:05:32,0,3125.6,1,3129.8,2,,0,,0,,0,,0,,0,,0,,0,,0,939200.597,20160810
20160810,IF1703,,,3129.4,3121.6,3127.6,805,3124.4,3143.8,3120.8,67,62926440,797,,,3433.6,2809.6,0,,11:05:35,0,3125.6,1,3129.8,2,,0,,0,,0,,0,,0,,0,,0,,0,939200.597,20160810
20160810,IF1703,,,3129.4,3121.6,3127.6,805,3124.4,3143.8,3120.8,67,62926440,797,,,3433.6,2809.6,0,,11:05:57,0,3125.8,1,3129.8,2,,0,,0,,0,,0,,0,,0,,0,,0,939200.597,20160810
20160810,IF1703,,,3129.4,3121.6,3127.6,805,3124.4,3143.8,3120.8,67,62926440,797,,,3433.6,2809.6,0,,11:05:58,0,3125.6,1,3129.8,2,,0,,0,,0,,0,,0,,0,,0,,0,939200.597,20160810
20160810,IF1703,,,3129.4,3121.6,3127.6,805,3124.4,3143.8,3120.8,67,62926440,797,,,3433.6,2809.6,0,,11:06:00,500,3125.8,1,3129.8,2,,0,,0,,0,,0,,0,,0,,0,,0,939200.597,20160810
20160810,IF1703,,,3129.4,3121.6,3127.6,805,3124.4,3143.8,3120.8,67,62926440,797,,,3433.6,2809.6,0,,11:06:01,500,3126,1,3129.8,2,,0,,0,,0,,0,,0,,0,,0,,0,939200.597,20160810
20160810,IF1703,,,3129.4,3121.6,3127.6,805,3124.4,3143.8,3120.8,67,62926440,797,,,3433.6,2809.6,0,,11:06:02,0,3126,1,3129.8,2,,0,,0,,0,,0,,0,,0,,0,,0,939200.597,20160810
20160810,IF1703,,,3129.4,3121.6,3127.6,805,3124.4,3143.8,3120.8,67,62926440,797,,,3433.6,2809.6,0,,11:06:10,500,3126,1,3129.8,2,,0,,0,,0,,0,,0,,0,,0,,0,939200.597,20160810
20160810,IF1703,,,3129.4,3121.6,3127.6,805,3124.4,3143.8,3120.8,67,62926440,797,,,3433.6,2809.6,0,,11:06:11,500,3111.4,1,3129.8,2,,0,,0,,0,,0,,0,,0,,0,,0,939200.597,20160810
20160810,IF1703,,,3129.4,3121.6,3127.6,805,3124.4,3143.8,3120.8,67,62926440,797,,,3433.6,2809.6,0,,11:06:12,0,3111.6,1,3129.8,2,,0,,0,,0,,0,,0,,0,,0,,0,939200.597,20160810
20160810,IF1703,,,3129.4,3121.6,3127.6,805,3124.4,3143.8,3120.8,67,62926440,797,,,3433.6,2809.6,0,,11:06:12,500,3123.4,1,3129.8,2,,0,,0,,0,,0,,0,,0,,0,,0,939200.597,20160810
20160810,IF1703,,,3129.4,3121.6,3127.6,805,3124.4,3143.8,3120.8,67,62926440,797,,,3433.6,2809.6,0,,11:06:13,0,3123.4,1,3129.8,2,,0,,0,,0,,0,,0,,0,,0,,0,939200.597,20160810
20160810,IF1703,,,3129.4,3121.6,3127.6,805,3124.4,3143.8,3120.8,67,62926440,797,,,3433.6,2809.6,0,,11:06:13,500,3123.6,1,3129.6,1,,0,,0,,0,,0,,0,,0,,0,,0,939200.597,20160810
20160810,IF1703,,,3129.4,3121.6,3127.6,805,3124.4,3143.8,3120.8,67,62926440,797,,,3433.6,2809.6,0,,11:06:14,500,3123.6,1,3129.6,1,,0,,0,,0,,0,,0,,0,,0,,0,939200.597,20160810
20160810,IF1703,,,3129.4,3121.6,3127.6,805,3124.4,3143.8,3120.8,67,62926440,797,,,3433.6,2809.6,0,,11:06:15,500,3123.8,1,3129.6,1,,0,,0,,0,,0,,0,,0,,0,,0,939200.597,20160810
20160810,IF1703,,,3129.4,3121.6,3127.6,805,3124.4,3143.8,3120.8,67,62926440,797,,,3433.6,2809.6,0,,11:06:16,0,3123.8,1,3129.4,2,,0,,0,,0,,0,,0,,0,,0,,0,939200.597,20160810
20160810,IF1703,,,3129.4,3121.6,3127.6,805,3124.4,3143.8,3120.8,67,62926440,797,,,3433.6,2809.6,0,,11:06:16,500,3124,1,3129.4,2,,0,,0,,0,,0,,0,,0,,0,,0,939200.597,20160810
20160810,IF1703,,,3129.4,3121.6,3127.6,805,3124.4,3143.8,3120.8,67,62926440,797,,,3433.6,2809.6,0,,11:06:18,500,3124.2,1,3129.4,2,,0,,0,,0,,0,,0,,0,,0,,0,939200.597,20160810
20160810,IF1703,,,3129.4,3121.6,3127.6,805,3124.4,3143.8,3120.8,67,62926440,797,,,3433.6,2809.6,0,,11:06:19,0,3124.2,2,3129.2,1,,0,,0,,0,,0,,0,,0,,0,,0,939200.597,20160810
20160810,IF1703,,,3129.4,3121.6,3127.6,805,3124.4,3143.8,3120.8,67,62926440,797,,,3433.6,2809.6,0,,11:06:19,500,3124.4,1,3129.2,1,,0,,0,,0,,0,,0,,0,,0,,0,939200.597,20160810
20160810,IF1703,,,3129.4,3121.6,3127.6,805,3124.4,3143.8,3120.8,67,62926440,797,,,3433.6,2809.6,0,,11:06:22,500,3124.6,1,3129.2,1,,0,,0,,0,,0,,0,,0,,0,,0,939200.597,20160810
20160810,IF1703,,,3129.4,3121.6,3127.6,805,3124.4,3143.8,3120.8,67,62926440,797,,,3433.6,2809.6,0,,11:06:23,0,3124.6,1,3129.2,1,,0,,0,,0,,0,,0,,0,,0,,0,939200.597,20160810
20160810,IF1703,,,3129.4,3121.6,3127.6,805,3124.4,3143.8,3120.8,67,62926440,797,,,3433.6,2809.6,0,,11:06:23,500,3124.8,1,3129.2,1,,0,,0,,0,,0,,0,,0,,0,,0,939200.597,20160810
20160810,IF1703,,,3129.4,3121.6,3127.6,805,3124.4,3143.8,3120.8,67,62926440,797,,,3433.6,2809.6,0,,11:06:24,500,3124.8,1,3129.2,1,,0,,0,,0,,0,,0,,0,,0,,0,939200.597,20160810
20160810,IF1703,,,3129.4,3121.6,3127.6,805,3124.4,3143.8,3120.8,67,62926440,797,,,3433.6,2809.6,0,,11:06:25,0,3125,1,3129.2,1,,0,,0,,0,,0,,0,,0,,0,,0,939200.597,20160810
20160810,IF1703,,,3129.4,3121.6,3127.6,805,3124.4,3143.8,3120.8,67,62926440,797,,,3433.6,2809.6,0,,11:06:25,500,3125,1,3129,2,,0,,0,,0,,0,,0,,0,,0,,0,939200.597,20160810
20160810,IF1703,,,3129.4,3121.6,3127.6,805,3124.4,3143.8,3120.8,67,62926440,797,,,3433.6,2809.6,0,,11:06:26,0,3125.2,1,3129,2,,0,,0,,0,,0,,0,,0,,0,,0,939200.597,20160810
20160810,IF1703,,,3129.4,3121.6,3127.6,805,3124.4,3143.8,3120.8,67,62926440,797,,,3433.6,2809.6,0,,11:06:26,500,3125.2,1,3128.8,1,,0,,0,,0,,0,,0,,0,,0,,0,939200.597,20160810
20160810,IF1703,,,3129.4,3121.6,3127.6,805,3124.4,3143.8,3120.8,67,62926440,797,,,3433.6,2809.6,0,,11:06:29,0,3125.2,1,3128.8,1,,0,,0,,0,,0,,0,,0,,0,,0,939200.597,20160810
20160810,IF1703,,,3129.4,3121.6,3127.6,805,3124.4,3143.8,3120.8,67,62926440,797,,,3433.6,2809.6,0,,11:06:39,500,3125.2,1,3128.6,2,,0,,0,,0,,0,,0,,0,,0,,0,939200.597,20160810
20160810,IF1703,,,3129.4,3121.6,3127.6,805,3124.4,3143.8,3120.8,67,62926440,797,,,3433.6,2809.6,0,,11:06:40,0,3125.2,1,3128.4,1,,0,,0,,0,,0,,0,,0,,0,,0,939200.597,20160810
20160810,IF1703,,,3129.4,3121.6,3127.6,805,3124.4,3143.8,3120.8,67,62926440,797,,,3433.6,2809.6,0,,11:06:42,0,3125.4,1,3128.2,2,,0,,0,,0,,0,,0,,0,,0,,0,939200.597,20160810
20160810,IF1703,,,3129.4,3121.6,3127.6,805,3124.4,3143.8,3120.8,67,62926440,797,,,3433.6,2809.6,0,,11:06:42,500,3125.4,1,3128.2,2,,0,,0,,0,,0,,0,,0,,0,,0,939200.597,20160810
20160810,IF1703,,,3129.4,3121.6,3127.6,805,3124.4,3143.8,3120.8,67,62926440,797,,,3433.6,2809.6,0,,11:06:43,0,3125.6,1,3128,1,,0,,0,,0,,0,,0,,0,,0,,0,939200.597,20160810
20160810,IF1703,,,3129.4,3121.6,3127.6,805,3124.4,3143.8,3120.8,67,62926440,797,,,3433.6,2809.6,0,,11:06:44,500,3125.6,1,3128,1,,0,,0,,0,,0,,0,,0,,0,,0,939200.597,20160810
20160810,IF1703,,,3129.4,3121.6,3127.6,805,3124.4,3143.8,3120.8,67,62926440,797,,,3433.6,2809.6,0,,11:07:00,500,3125.8,1,3128,1,,0,,0,,0,,0,,0,,0,,0,,0,939200.597,20160810
20160810,IF1703,,,3129.4,3121.6,3127.6,805,3124.4,3143.8,3120.8,67,62926440,797,,,3433.6,2809.6,0,,11:07:01,0,3125.8,1,3128,1,,0,,0,,0,,0,,0,,0,,0,,0,939200.597,20160810
20160810,IF1703,,,3129.4,3121.6,3127.6,805,3124.4,3143.8,3120.8,67,62926440,797,,,3433.6,2809.6,0,,11:07:01,500,3126,1,3128,1,,0,,0,,0,,0,,0,,0,,0,,0,939200.597,20160810
20160810,IF1703,,,3129.4,3121.6,3127.6,805,3124.4,3143.8,3120.8,67,62926440,797,,,3433.6,2809.6,0,,11:07:04,500,3126,1,3128,1,,0,,0,,0,,0,,0,,0,,0,,0,939200.597,20160810
20160810,IF1703,,,3129.4,3121.6,3127.6,805,3124.4,3143.8,3120.8,67,62926440,797,,,3433.6,2809.6,0,,11:07:36,0,3111.4,1,3128,1,,0,,0,,0,,0,,0,,0,,0,,0,939200.597,20160810
20160810,IF1703,,,3129.4,3121.6,3127.6,805,3124.4,3143.8,3120.8,67,62926440,797,,,3433.6,2809.6,0,,11:07:36,500,3111.6,1,3128,1,,0,,0,,0,,0,,0,,0,,0,,0,939200.597,20160810
20160810,IF1703,,,3129.4,3121.6,3127.6,805,3124.4,3143.8,3120.8,67,62926440,797,,,3433.6,2809.6,0,,11:07:37,0,3123.2,1,3128,1,,0,,0,,0,,0,,0,,0,,0,,0,939200.597,20160810
20160810,IF1703,,,3129.4,3121.6,3127.6,805,3124.4,3143.8,3120.8,67,62926440,797,,,3433.6,2809.6,0,,11:07:37,500,3123.2,1,3128,1,,0,,0,,0,,0,,0,,0,,0,,0,939200.597,20160810
20160810,IF1703,,,3129.4,3121.6,3127.6,805,3124.4,3143.8,3120.8,67,62926440,797,,,3433.6,2809.6,0,,11:07:38,0,3123.2,1,3128,1,,0,,0,,0,,0,,0,,0,,0,,0,939200.597,20160810
20160810,IF1703,,,3129.4,3121.6,3127.6,805,3124.4,3143.8,3120.8,67,62926440,797,,,3433.6,2809.6,0,,11:07:39,500,3123.2,1,3127.8,2,,0,,0,,0,,0,,0,,0,,0,,0,939200.597,20160810
20160810,IF1703,,,3129.4,3121.6,3127.6,805,3124.4,3143.8,3120.8,67,62926440,797,,,3433.6,2809.6,0,,11:07:40,0,3123.4,1,3127.8,2,,0,,0,,0,,0,,0,,0,,0,,0,939200.597,20160810
20160810,IF1703,,,3129.4,3121.6,3127.6,805,3124.4,3143.8,3120.8,67,62926440,797,,,3433.6,2809.6,0,,11:07:41,0,3123.4,1,3127.8,2,,0,,0,,0,,0,,0,,0,,0,,0,939200.597,20160810
20160810,IF1703,,,3129.4,3121.6,3127.6,805,3124.4,3143.8,3120.8,67,62926440,797,,,3433.6,2809.6,0,,11:07:44,500,3123.4,1,3127.6,1,,0,,0,,0,,0,,0,,0,,0,,0,939200.597,20160810
20160810,IF1703,,,3129.4,3121.6,3127.6,805,3124.4,3143.8,3120.8,67,62926440,797,,,3433.6,2809.6,0,,11:07:47,0,3123.6,1,3127.4,2,,0,,0,,0,,0,,0,,0,,0,,0,939200.597,20160810
20160810,IF1703,,,3129.4,3121.6,3127.6,805,3124.4,3143.8,3120.8,67,62926440,797,,,3433.6,2809.6,0,,11:07:48,0,3123.6,2,3127.4,2,,0,,0,,0,,0,,0,,0,,0,,0,939200.597,20160810
20160810,IF1703,,,3129.4,3121.6,3127.6,805,3124.4,3143.8,3120.8,67,62926440,797,,,3433.6,2809.6,0,,11:07:49,0,3123.6,2,3127.4,2,,0,,0,,0,,0,,0,,0,,0,,0,939200.597,20160810
20160810,IF1703,,,3129.4,3121.6,3127.6,805,3124.4,3143.8,3120.8,67,62926440,797,,,3433.6,2809.6,0,,11:07:49,500,3123.8,1,3127.4,2,,0,,0,,0,,0,,0,,0,,0,,0,939200.597,20160810
20160810,IF1703,,,3129.4,3121.6,3127.6,805,3124.4,3143.8,3120.8,67,62926440,797,,,3433.6,2809.6,0,,11:07:50,0,3123.8,1,3127.4,2,,0,,0,,0,,0,,0,,0,,0,,0,939200.597,20160810
20160810,IF1703,,,3129.4,3121.6,3127.6,805,3124.4,3143.8,3120.8,67,62926440,797,,,3433.6,2809.6,0,,11:07:50,500,3124,1,3127.4,2,,0,,0,,0,,0,,0,,0,,0,,0,939200.597,20160810
20160810,IF1703,,,3129.4,3121.6,3127.6,805,3124.4,3143.8,3120.8,67,62926440,797,,,3433.6,2809.6,0,,11:07:51,0,3124,1,3127.2,1,,0,,0,,0,,0,,0,,0,,0,,0,939200.597,20160810
20160810,IF1703,,,3129.4,3121.6,3127.6,805,3124.4,3143.8,3120.8,67,62926440,797,,,3433.6,2809.6,0,,11:07:55,0,3124,1,3127.2,1,,0,,0,,0,,0,,0,,0,,0,,0,939200.597,20160810
20160810,IF1703,,,3129.4,3121.6,3127.6,805,3124.4,3143.8,3120.8,67,62926440,797,,,3433.6,2809.6,0,,11:07:56,0,3124,1,3127,2,,0,,0,,0,,0,,0,,0,,0,,0,939200.597,20160810
20160810,IF1703,,,3129.4,3121.6,3127.6,805,3124.4,3143.8,3120.8,67,62926440,797,,,3433.6,2809.6,0,,11:07:57,0,3124,1,3126.8,1,,0,,0,,0,,0,,0,,0,,0,,0,939200.597,20160810
20160810,IF1703,,,3129.4,3121.6,3127.6,805,3124.4,3143.8,3120.8,67,62926440,797,,,3433.6,2809.6,0,,11:08:02,0,3124,1,3126.6,2,,0,,0,,0,,0,,0,,0,,0,,0,939200.597,20160810
20160810,IF1703,,,3129.4,3121.6,3127.6,805,3124.4,3143.8,3120.8,67,62926440,797,,,3433.6,2809.6,0,,11:10:19,0,3124.2,1,3126.6,2,,0,,0,,0,,0,,0,,0,,0,,0,939200.597,20160810
20160810,IF1703,,,3129.4,3121.6,3127.6,805,3124.4,3143.8,3120.8,67,62926440,797,,,3433.6,2809.6,0,,11:10:19,500,3124.2,1,3126.6,2,,0,,0,,0,,0,,0,,0,,0,,0,939200.597,20160810
20160810,IF1703,,,3129.4,3121.6,3127.6,805,3124.4,3143.8,3120.8,67,62926440,797,,,3433.6,2809.6,0,,11:10:20,0,3124.4,1,3126.6,2,,0,,0,,0,,0,,0,,0,,0,,0,939200.597,20160810
20160810,IF1703,,,3129.4,3121.6,3127.6,805,3124.4,3143.8,3120.8,67,62926440,797,,,3433.6,2809.6,0,,11:10:22,0,3124.4,1,3126.6,2,,0,,0,,0,,0,,0,,0,,0,,0,939200.597,20160810
20160810,IF1703,,,3129.4,3121.6,3127.6,805,3124.4,3143.8,3120.8,67,62926440,797,,,3433.6,2809.6,0,,11:10:23,500,3124.6,1,3126.6,2,,0,,0,,0,,0,,0,,0,,0,,0,939200.597,20160810
20160810,IF1703,,,3129.4,3121.6,3127.6,805,3124.4,3143.8,3120.8,67,62926440,797,,,3433.6,2809.6,0,,11:10:24,0,3124.6,1,3126.6,2,,0,,0,,0,,0,,0,,0,,0,,0,939200.597,20160810
20160810,IF1703,,,3129.4,3121.6,3127.6,805,3124.4,3143.8,3120.8,67,62926440,797,,,3433.6,2809.6,0,,11:10:24,500,3124.8,1,3126.6,2,,0,,0,,0,,0,,0,,0,,0,,0,939200.597,20160810
20160810,IF1703,,,3129.4,3121.6,3127.6,805,3124.4,3143.8,3120.8,67,62926440,797,,,3433.6,2809.6,0,,11:10:26,0,3124.8,1,3126.6,2,,0,,0,,0,,0,,0,,0,,0,,0,939200.597,20160810
20160810,IF1703,,,3129.4,3121.6,3127.6,805,3124.4,3143.8,3120.8,67,62926440,797,,,3433.6,2809.6,0,,11:10:27,500,3125,1,3126.6,2,,0,,0,,0,,0,,0,,0,,0,,0,939200.597,20160810
20160810,IF1703,,,3129.4,3121.6,3127.6,805,3124.4,3143.8,3120.8,67,62926440,797,,,3433.6,2809.6,0,,11:10:28,0,3125,1,3126.6,2,,0,,0,,0,,0,,0,,0,,0,,0,939200.597,20160810
20160810,IF1703,,,3129.4,3121.6,3127.6,805,3124.4,3143.8,3120.8,67,62926440,797,,,3433.6,2809.6,0,,11:10:28,500,3125.2,1,3126.6,2,,0,,0,,0,,0,,0,,0,,0,,0,939200.597,20160810
20160810,IF1703,,,3129.4,3121.6,3127.6,805,3124.4,3143.8,3120.8,67,62926440,797,,,3433.6,2809.6,0,,11:10:30,0,3125.2,1,3126.8,1,,0,,0,,0,,0,,0,,0,,0,,0,939200.597,20160810
20160810,IF1703,,,3129.4,3121.6,3127.6,805,3124.4,3143.8,3120.8,67,62926440,797,,,3433.6,2809.6,0,,11:10:35,0,3125.2,1,3126.8,1,,0,,0,,0,,0,,0,,0,,0,,0,939200.597,20160810
20160810,IF1703,,,3129.4,3121.6,3127.6,805,3124.4,3143.8,3120.8,67,62926440,797,,,3433.6,2809.6,0,,11:10:36,0,3125.4,1,3126.8,1,,0,,0,,0,,0,,0,,0,,0,,0,939200.597,20160810
20160810,IF1703,,,3129.4,3121.6,3127.6,805,3124.4,3143.8,3120.8,67,62926440,797,,,3433.6,2809.6,0,,11:10:36,500,3125.4,1,3126.8,1,,0,,0,,0,,0,,0,,0,,0,,0,939200.597,20160810
20160810,IF1703,,,3129.4,3121.6,3127.6,805,3124.4,3143.8,3120.8,67,62926440,797,,,3433.6,2809.6,0,,11:10:37,0,3125.6,1,3126.8,1,,0,,0,,0,,0,,0,,0,,0,,0,939200.597,20160810
20160810,IF1703,,,3129.4,3121.6,3127.6,805,3124.4,3143.8,3120.8,67,62926440,797,,,3433.6,2809.6,0,,11:10:38,500,3125.6,1,3134.2,1,,0,,0,,0,,0,,0,,0,,0,,0,939200.597,20160810
20160810,IF1703,,,3129.4,3121.6,3127.6,805,3124.4,3143.8,3120.8,67,62926440,797,,,3433.6,2809.6,0,,11:10:39,0,3125.8,1,3130.8,1,,0,,0,,0,,0,,0,,0,,0,,0,939200.597,20160810
20160810,IF1703,,,3129.4,3121.6,3127.6,805,3124.4,3143.8,3120.8,67,62926440,797,,,3433.6,2809.6,0,,11:10:39,500,3125.8,1,3129.8,1,,0,,0,,0,,0,,0,,0,,0,,0,939200.597,20160810
20160810,IF1703,,,3129.4,3121.6,3127.6,805,3124.4,3143.8,3120.8,67,62926440,797,,,3433.6,2809.6,0,,11:10:40,0,3125.8,1,3129.6,2,,0,,0,,0,,0,,0,,0,,0,,0,939200.597,20160810
20160810,IF1703,,,3129.4,3121.6,3127.6,805,3124.4,3143.8,3120.8,67,62926440,797,,,3433.6,2809.6,0,,11:10:41,0,3125.8,1,3129.6,2,,0,,0,,0,,0,,0,,0,,0,,0,939200.597,20160810
20160810,IF1703,,,3129.4,3121.6,3127.6,805,3124.4,3143.8,3120.8,67,62926440,797,,,3433.6,2809.6,0,,11:10:43,500,3125.8,1,3129.6,2,,0,,0,,0,,0,,0,,0,,0,,0,939200.597,20160810
20160810,IF1703,,,3129.4,3121.6,3127.6,805,3124.4,3143.8,3120.8,67,62926440,797,,,3433.6,2809.6,0,,11:11:07,500,3125.8,1,3129.4,1,,0,,0,,0,,0,,0,,0,,0,,0,939200.597,20160810
20160810,IF1703,,,3129.4,3121.6,3127.6,805,3124.4,3143.8,3120.8,67,62926440,797,,,3433.6,2809.6,0,,11:11:08,0,3125.8,1,3129.2,2,,0,,0,,0,,0,,0,,0,,0,,0,939200.597,20160810
20160810,IF1703,,,3129.4,3121.6,3127.6,805,3124.4,3143.8,3120.8,67,62926440,797,,,3433.6,2809.6,0,,11:11:10,500,3125.8,1,3129.2,2,,0,,0,,0,,0,,0,,0,,0,,0,939200.597,20160810
20160810,IF1703,,,3129.4,3121.6,3127.6,805,3124.4,3143.8,3120.8,67,62926440,797,,,3433.6,2809.6,0,,11:11:28,500,3111.4,1,3129,1,,0,,0,,0,,0,,0,,0,,0,,0,939200.597,20160810
20160810,IF1703,,,3129.4,3121.6,3127.6,805,3124.4,3143.8,3120.8,67,62926440,797,,,3433.6,2809.6,0,,11:11:29,0,3121.4,1,3128.8,2,,0,,0,,0,,0,,0,,0,,0,,0,939200.597,20160810
20160810,IF1703,,,3129.4,3121.6,3127.6,805,3124.4,3143.8,3120.8,67,62926440,797,,,3433.6,2809.6,0,,11:11:29,500,3121.4,1,3128.8,2,,0,,0,,0,,0,,0,,0,,0,,0,939200.597,20160810
20160810,IF1703,,,3129.4,3121.6,3127.6,805,3124.4,3143.8,3120.8,67,62926440,797,,,3433.6,2809.6,0,,11:11:30,0,3121.6,1,3128.8,2,,0,,0,,0,,0,,0,,0,,0,,0,939200.597,20160810
20160810,IF1703,,,3129.4,3121.6,3127.6,805,3124.4,3143.8,3120.8,67,62926440,797,,,3433.6,2809.6,0,,11:11:30,500,3121.6,1,3128.8,2,,0,,0,,0,,0,,0,,0,,0,,0,939200.597,20160810
20160810,IF1703,,,3129.4,3121.6,3127.6,805,3124.4,3143.8,3120.8,67,62926440,797,,,3433.6,2809.6,0,,11:11:32,0,3121.8,1,3128.6,1,,0,,0,,0,,0,,0,,0,,0,,0,939200.597,20160810
20160810,IF1703,,,3129.4,3121.6,3127.6,805,3124.4,3143.8,3120.8,67,62926440,797,,,3433.6,2809.6,0,,11:11:32,500,3121.8,1,3128.6,1,,0,,0,,0,,0,,0,,0,,0,,0,939200.597,20160810
20160810,IF1703,,,3129.4,3121.6,3127.6,805,3124.4,3143.8,3120.8,67,62926440,797,,,3433.6,2809.6,0,,11:11:33,0,3122,1,3128.6,1,,0,,0,,0,,0,,0,,0,,0,,0,939200.597,20160810
20160810,IF1703,,,3129.4,3121.6,3127.6,805,3124.4,3143.8,3120.8,67,62926440,797,,,3433.6,2809.6,0,,11:11:36,500,3122.2,1,3128.6,1,,0,,0,,0,,0,,0,,0,,0,,0,939200.597,20160810
20160810,IF1703,,,3129.4,3121.6,3127.6,805,3124.4,3143.8,3120.8,67,62926440,797,,,3433.6,2809.6,0,,11:11:37,0,3122.2,1,3128.6,1,,0,,0,,0,,0,,0,,0,,0,,0,939200.597,20160810
20160810,IF1703,,,3129.4,3121.6,3127.6,805,3124.4,3143.8,3120.8,67,62926440,797,,,3433.6,2809.6,0,,11:11:37,500,3122.4,1,3128.6,1,,0,,0,,0,,0,,0,,0,,0,,0,939200.597,20160810
20160810,IF1703,,,3129.4,3121.6,3127.6,805,3124.4,3143.8,3120.8,67,62926440,797,,,3433.6,2809.6,0,,11:11:40,500,3122.6,1,3128.6,1,,0,,0,,0,,0,,0,,0,,0,,0,939200.597,20160810
20160810,IF1703,,,3129.4,3121.6,3127.6,805,3124.4,3143.8,3120.8,67,62926440,797,,,3433.6,2809.6,0,,11:11:41,0,3122.6,1,3128.4,2,,0,,0,,0,,0,,0,,0,,0,,0,939200.597,20160810
20160810,IF1703,,,3129.4,3121.6,3127.6,805,3124.4,3143.8,3120.8,67,62926440,797,,,3433.6,2809.6,0,,11:11:41,500,3122.8,1,3128.2,1,,0,,0,,0,,0,,0,,0,,0,,0,939200.597,20160810
20160810,IF1703,,,3129.4,3121.6,3127.6,805,3124.4,3143.8,3120.8,67,62926440,797,,,3433.6,2809.6,0,,11:11:48,500,3123,1,3128.2,1,,0,,0,,0,,0,,0,,0,,0,,0,939200.597,20160810
20160810,IF1703,,,3129.4,3121.6,3127.6,805,3124.4,3143.8,3120.8,67,62926440,797,,,3433.6,2809.6,0,,11:11:49,0,3123,1,3128.2,1,,0,,0,,0,,0,,0,,0,,0,,0,939200.597,20160810
20160810,IF1703,,,3129.4,3121.6,3127.6,805,3124.4,3143.8,3120.8,67,62926440,797,,,3433.6,2809.6,0,,11:11:49,500,3123.2,1,3128.2,1,,0,,0,,0,,0,,0,,0,,0,,0,939200.597,20160810
20160810,IF1703,,,3129.4,3121.6,3127.6,805,3124.4,3143.8,3120.8,67,62926440,797,,,3433.6,2809.6,0,,11:11:50,500,3123.2,1,3128,2,,0,,0,,0,,0,,0,,0,,0,,0,939200.597,20160810
20160810,IF1703,,,3129.4,3121.6,3127.6,805,3124.4,3143.8,3120.8,67,62926440,797,,,3433.6,2809.6,0,,11:12:00,0,3123.2,1,3127.8,1,,0,,0,,0,,0,,0,,0,,0,,0,939200.597,20160810
20160810,IF1703,,,3129.4,3121.6,3127.6,805,3124.4,3143.8,3120.8,67,62926440,797,,,3433.6,2809.6,0,,11:12:03,0,3123.2,1,3127.6,2,,0,,0,,0,,0,,0,,0,,0,,0,939200.597,20160810
20160810,IF1703,,,3129.4,3121.6,3127.6,805,3124.4,3143.8,3120.8,67,62926440,797,,,3433.6,2809.6,0,,11:12:04,500,3123.2,1,3127.4,1,,0,,0,,0,,0,,0,,0,,0,,0,939200.597,20160810
20160810,IF1703,,,3129.4,3121.6,3127.6,805,3124.4,3143.8,3120.8,67,62926440,797,,,3433.6,2809.6,0,,11:12:05,500,3123.2,1,3127.2,2,,0,,0,,0,,0,,0,,0,,0,,0,939200.597,20160810
20160810,IF1703,,,3129.4,3121.6,3127.6,805,3124.4,3143.8,3120.8,67,62926440,797,,,3433.6,2809.6,0,,11:12:11,0,3123.2,1,3127,1,,0,,0,,0,,0,,0,,0,,0,,0,939200.597,20160810
20160810,IF1703,,,3129.4,3121.6,3127.6,805,3124.4,3143.8,3120.8,67,62926440,797,,,3433.6,2809.6,0,,11:12:12,500,3123.2,1,3126.8,2,,0,,0,,0,,0,,0,,0,,0,,0,939200.597,20160810
20160810,IF1703,,,3129.4,3121.6,3127.6,805,3124.4,3143.8,3120.8,67,62926440,797,,,3433.6,2809.6,0,,11:12:14,0,3123.2,1,3126.6,1,,0,,0,,0,,0,,0,,0,,0,,0,939200.597,20160810
20160810,IF1703,,,3129.4,3121.6,3127.6,805,3124.4,3143.8,3120.8,67,62926440,797,,,3433.6,2809.6,0,,11:12:14,500,3123.2,1,3126.4,2,,0,,0,,0,,0,,0,,0,,0,,0,939200.597,20160810
20160810,IF1703,,,3129.4,3121.6,3127.6,805,3124.4,3143.8,3120.8,67,62926440,797,,,3433.6,2809.6,0,,11:12:23,0,3123.2,1,3126.2,1,,0,,0,,0,,0,,0,,0,,0,,0,939200.597,20160810
20160810,IF1703,,,3129.4,3121.6,3127.6,805,3124.4,3143.8,3120.8,67,62926440,797,,,3433.6,2809.6,0,,11:12:23,500,3123.2,1,3126,2,,0,,0,,0,,0,,0,,0,,0,,0,939200.597,20160810
20160810,IF1703,,,3129.4,3121.6,3127.6,805,3124.4,3143.8,3120.8,67,62926440,797,,,3433.6,2809.6,0,,11:12:25,500,3123.2,1,3126,2,,0,,0,,0,,0,,0,,0,,0,,0,939200.597,20160810
20160810,IF1703,,,3129.4,3121.6,3127.6,805,3124.4,3143.8,3120.8,67,62926440,797,,,3433.6,2809.6,0,,11:12:28,0,3123.2,1,3125.8,1,,0,,0,,0,,0,,0,,0,,0,,0,939200.597,20160810
20160810,IF1703,,,3129.4,3121.6,3127.6,805,3124.4,3143.8,3120.8,67,62926440,797,,,3433.6,2809.6,0,,11:12:58,500,3123.4,1,3125.8,1,,0,,0,,0,,0,,0,,0,,0,,0,939200.597,20160810
20160810,IF1703,,,3129.4,3121.6,3127.6,805,3124.4,3143.8,3120.8,67,62926440,797,,,3433.6,2809.6,0,,11:12:59,0,3123.4,1,3125.8,1,,0,,0,,0,,0,,0,,0,,0,,0,939200.597,20160810
20160810,IF1703,,,3129.4,3121.6,3127.6,805,3124.4,3143.8,3120.8,67,62926440,797,,,3433.6,2809.6,0,,11:12:59,500,3123.6,1,3125.8,1,,0,,0,,0,,0,,0,,0,,0,,0,939200.597,20160810
20160810,IF1703,,,3129.4,3121.6,3127.6,805,3124.4,3143.8,3120.8,67,62926440,797,,,3433.6,2809.6,0,,11:13:01,500,3123.6,1,3125.8,1,,0,,0,,0,,0,,0,,0,,0,,0,939200.597,20160810
20160810,IF1703,,,3129.4,3121.6,3127.6,805,3124.4,3143.8,3120.8,67,62926440,797,,,3433.6,2809.6,0,,11:13:02,500,3123.8,1,3125.8,1,,0,,0,,0,,0,,0,,0,,0,,0,939200.597,20160810
20160810,IF1703,,,3129.4,3121.6,3127.6,805,3124.4,3143.8,3120.8,67,62926440,797,,,3433.6,2809.6,0,,11:13:03,0,3123.8,1,3125.8,1,,0,,0,,0,,0,,0,,0,,0,,0,939200.597,20160810
20160810,IF1703,,,3129.4,3121.6,3127.6,805,3124.4,3143.8,3120.8,67,62926440,797,,,3433.6,2809.6,0,,11:13:03,500,3124,1,3125.8,1,,0,,0,,0,,0,,0,,0,,0,,0,939200.597,20160810
20160810,IF1703,,,3129.4,3121.6,3127.6,805,3124.4,3143.8,3120.8,67,62926440,797,,,3433.6,2809.6,0,,11:13:05,500,3124,1,3125.8,1,,0,,0,,0,,0,,0,,0,,0,,0,939200.597,20160810
20160810,IF1703,,,3129.4,3121.6,3127.6,805,3124.4,3143.8,3120.8,67,62926440,797,,,3433.6,2809.6,0,,11:13:07,500,3124.2,1,3125.8,1,,0,,0,,0,,0,,0,,0,,0,,0,939200.597,20160810
20160810,IF1703,,,3129.4,3121.6,3127.6,805,3124.4,3143.8,3120.8,67,62926440,797,,,3433.6,2809.6,0,,11:13:08,0,3124.2,1,3125.8,1,,0,,0,,0,,0,,0,,0,,0,,0,939200.597,20160810
20160810,IF1703,,,3129.4,3121.6,3127.6,805,3124.4,3143.8,3120.8,67,62926440,797,,,3433.6,2809.6,0,,11:13:08,500,3124.4,1,3125.8,1,,0,,0,,0,,0,,0,,0,,0,,0,939200.597,20160810
20160810,IF1703,,,3125.8,3121.6,3127.6,805,3124.4,3143.8,3120.8,68,63864180,796,,,3433.6,2809.6,0,,11:13:10,500,3124.4,1,3126,2,,0,,0,,0,,0,,0,,0,,0,,0,939179.1176,20160810
20160810,IF1703,,,3125.8,3121.6,3127.6,805,3124.4,3143.8,3120.8,68,63864180,796,,,3433.6,2809.6,0,,11:13:17,500,3124.4,1,3126,2,,0,,0,,0,,0,,0,,0,,0,,0,939179.1176,20160810
20160810,IF1703,,,3125.8,3121.6,3127.6,805,3124.4,3143.8,3120.8,68,63864180,796,,,3433.6,2809.6,0,,11:13:21,0,3124.6,1,3126,2,,0,,0,,0,,0,,0,,0,,0,,0,939179.1176,20160810
20160810,IF1703,,,3125.8,3121.6,3127.6,805,3124.4,3143.8,3120.8,68,63864180,796,,,3433.6,2809.6,0,,11:13:21,500,3124.6,1,3126,2,,0,,0,,0,,0,,0,,0,,0,,0,939179.1176,20160810
20160810,IF1703,,,3125.8,3121.6,3127.6,805,3124.4,3143.8,3120.8,68,63864180,796,,,3433.6,2809.6,0,,11:13:22,0,3124.8,1,3126,2,,0,,0,,0,,0,,0,,0,,0,,0,939179.1176,20160810
20160810,IF1703,,,3125.8,3121.6,3127.6,805,3124.4,3143.8,3120.8,68,63864180,796,,,3433.6,2809.6,0,,11:13:25,0,3124.8,1,3126,2,,0,,0,,0,,0,,0,,0,,0,,0,939179.1176,20160810
20160810,IF1703,,,3125.8,3121.6,3127.6,805,3124.4,3143.8,3120.8,68,63864180,796,,,3433.6,2809.6,0,,11:13:30,500,3124.8,1,3129,1,,0,,0,,0,,0,,0,,0,,0,,0,939179.1176,20160810
20160810,IF1703,,,3125.8,3121.6,3127.6,805,3124.4,3143.8,3120.8,68,63864180,796,,,3433.6,2809.6,0,,11:13:31,0,3124.8,1,3128.8,2,,0,,0,,0,,0,,0,,0,,0,,0,939179.1176,20160810
20160810,IF1703,,,3125.8,3121.6,3127.6,805,3124.4,3143.8,3120.8,68,63864180,796,,,3433.6,2809.6,0,,11:13:32,500,3125,1,3128.8,2,,0,,0,,0,,0,,0,,0,,0,,0,939179.1176,20160810
20160810,IF1703,,,3125.8,3121.6,3127.6,805,3124.4,3143.8,3120.8,68,63864180,796,,,3433.6,2809.6,0,,11:13:33,0,3125,1,3128.8,2,,0,,0,,0,,0,,0,,0,,0,,0,939179.1176,20160810
20160810,IF1703,,,3125.8,3121.6,3127.6,805,3124.4,3143.8,3120.8,68,63864180,796,,,3433.6,2809.6,0,,11:13:33,500,3125.2,1,3128.8,2,,0,,0,,0,,0,,0,,0,,0,,0,939179.1176,20160810
20160810,IF1703,,,3125.8,3121.6,3127.6,805,3124.4,3143.8,3120.8,68,63864180,796,,,3433.6,2809.6,0,,11:13:41,0,3125.2,1,3128.8,2,,0,,0,,0,,0,,0,,0,,0,,0,939179.1176,20160810
20160810,IF1703,,,3125.8,3121.6,3127.6,805,3124.4,3143.8,3120.8,68,63864180,796,,,3433.6,2809.6,0,,11:13:55,500,3125.2,1,3128.8,2,,0,,0,,0,,0,,0,,0,,0,,0,939179.1176,20160810
20160810,IF1703,,,3125.8,3121.6,3127.6,805,3124.4,3143.8,3120.8,68,63864180,796,,,3433.6,2809.6,0,,11:14:55,500,3125.4,1,3128.8,2,,0,,0,,0,,0,,0,,0,,0,,0,939179.1176,20160810
20160810,IF1703,,,3125.8,3121.6,3127.6,805,3124.4,3143.8,3120.8,68,63864180,796,,,3433.6,2809.6,0,,11:14:56,0,3125.4,1,3128.6,1,,0,,0,,0,,0,,0,,0,,0,,0,939179.1176,20160810
20160810,IF1703,,,3125.8,3121.6,3127.6,805,3124.4,3143.8,3120.8,68,63864180,796,,,3433.6,2809.6,0,,11:14:56,500,3125.6,1,3128.4,2,,0,,0,,0,,0,,0,,0,,0,,0,939179.1176,20160810
20160810,IF1703,,,3125.8,3121.6,3127.6,805,3124.4,3143.8,3120.8,68,63864180,796,,,3433.6,2809.6,0,,11:15:10,0,3125.8,1,3128.4,2,,0,,0,,0,,0,,0,,0,,0,,0,939179.1176,20160810
20160810,IF1703,,,3125.8,3121.6,3127.6,805,3124.4,3143.8,3120.8,68,63864180,796,,,3433.6,2809.6,0,,11:15:10,500,3125.8,1,3128.4,2,,0,,0,,0,,0,,0,,0,,0,,0,939179.1176,20160810
20160810,IF1703,,,3125.8,3121.6,3127.6,805,3124.4,3143.8,3120.8,68,63864180,796,,,3433.6,2809.6,0,,11:15:35,500,3111.4,1,3128.4,2,,0,,0,,0,,0,,0,,0,,0,,0,939179.1176,20160810
20160810,IF1703,,,3125.8,3121.6,3127.6,805,3124.4,3143.8,3120.8,68,63864180,796,,,3433.6,2809.6,0,,11:15:36,0,3111.6,2,3128.2,1,,0,,0,,0,,0,,0,,0,,0,,0,939179.1176,20160810
20160810,IF1703,,,3125.8,3121.6,3127.6,805,3124.4,3143.8,3120.8,68,63864180,796,,,3433.6,2809.6,0,,11:15:36,500,3120.2,1,3128.2,2,,0,,0,,0,,0,,0,,0,,0,,0,939179.1176,20160810
20160810,IF1703,,,3125.8,3121.6,3127.6,805,3124.4,3143.8,3120.8,68,63864180,796,,,3433.6,2809.6,0,,11:15:37,0,3120.2,1,3128.2,2,,0,,0,,0,,0,,0,,0,,0,,0,939179.1176,20160810
20160810,IF1703,,,3125.8,3121.6,3127.6,805,3124.4,3143.8,3120.8,68,63864180,796,,,3433.6,2809.6,0,,11:15:37,500,3120.4,2,3128,2,,0,,0,,0,,0,,0,,0,,0,,0,939179.1176,20160810
20160810,IF1703,,,3125.8,3121.6,3127.6,805,3124.4,3143.8,3120.8,68,63864180,796,,,3433.6,2809.6,0,,11:15:38,0,3120.4,2,3128,3,,0,,0,,0,,0,,0,,0,,0,,0,939179.1176,20160810
20160810,IF1703,,,3125.8,3121.6,3127.6,805,3124.4,3143.8,3120.8,68,63864180,796,,,3433.6,2809.6,0,,11:15:39,500,3120.4,2,3127.8,1,,0,,0,,0,,0,,0,,0,,0,,0,939179.1176,20160810
20160810,IF1703,,,3125.8,3121.6,3127.6,805,3124.4,3143.8,3120.8,68,63864180,796,,,3433.6,2809.6,0,,11:15:40,0,3120.4,2,3127.4,1,,0,,0,,0,,0,,0,,0,,0,,0,939179.1176,20160810
20160810,IF1703,,,3125.8,3121.6,3127.6,805,3124.4,3143.8,3120.8,68,63864180,796,,,3433.6,2809.6,0,,11:15:42,0,3120.4,2,3127.2,2,,0,,0,,0,,0,,0,,0,,0,,0,939179.1176,20160810
20160810,IF1703,,,3125.8,3121.6,3127.6,805,3124.4,3143.8,3120.8,68,63864180,796,,,3433.6,2809.6,0,,11:15:42,500,3120.4,2,3127.2,3,,0,,0,,0,,0,,0,,0,,0,,0,939179.1176,20160810
20160810,IF1703,,,3125.8,3121.6,3127.6,805,3124.4,3143.8,3120.8,68,63864180,796,,,3433.6,2809.6,0,,11:15:45,500,3120.8,1,3127.2,3,,0,,0,,0,,0,,0,,0,,0,,0,939179.1176,20160810
20160810,IF1703,,,3125.8,3121.6,3127.6,805,3124.4,3143.8,3120.8,68,63864180,796,,,3433.6,2809.6,0,,11:15:46,0,3120.8,1,3127.2,3,,0,,0,,0,,0,,0,,0,,0,,0,939179.1176,20160810
20160810,IF1703,,,3125.8,3121.6,3127.6,805,3124.4,3143.8,3120.8,68,63864180,796,,,3433.6,2809.6,0,,11:15:46,500,3121,2,3127.2,3,,0,,0,,0,,0,,0,,0,,0,,0,939179.1176,20160810
20160810,IF1703,,,3125.8,3121.6,3127.6,805,3124.4,3143.8,3120.8,68,63864180,796,,,3433.6,2809.6,0,,11:15:51,500,3121.2,1,3127.2,3,,0,,0,,0,,0,,0,,0,,0,,0,939179.1176,20160810
20160810,IF1703,,,3125.8,3121.6,3127.6,805,3124.4,3143.8,3120.8,68,63864180,796,,,3433.6,2809.6,0,,11:15:52,0,3121.4,1,3127.2,3,,0,,0,,0,,0,,0,,0,,0,,0,939179.1176,20160810
20160810,IF1703,,,3125.8,3121.6,3127.6,805,3124.4,3143.8,3120.8,68,63864180,796,,,3433.6,2809.6,0,,11:15:52,500,3121.4,2,3127.2,3,,0,,0,,0,,0,,0,,0,,0,,0,939179.1176,20160810
20160810,IF1703,,,3125.8,3121.6,3127.6,805,3124.4,3143.8,3120.8,68,63864180,796,,,3433.6,2809.6,0,,11:15:58,500,3121.4,2,3127.2,3,,0,,0,,0,,0,,0,,0,,0,,0,939179.1176,20160810
20160810,IF1703,,,3125.8,3121.6,3127.6,805,3124.4,3143.8,3120.8,68,63864180,796,,,3433.6,2809.6,0,,11:16:03,500,3121.4,2,3127.2,3,,0,,0,,0,,0,,0,,0,,0,,0,939179.1176,20160810
20160810,IF1703,,,3125.8,3121.6,3127.6,805,3124.4,3143.8,3120.8,68,63864180,796,,,3433.6,2809.6,0,,11:16:08,0,3121.6,1,3127.2,3,,0,,0,,0,,0,,0,,0,,0,,0,939179.1176,20160810
20160810,IF1703,,,3125.8,3121.6,3127.6,805,3124.4,3143.8,3120.8,68,63864180,796,,,3433.6,2809.6,0,,11:16:08,500,3121.6,1,3127.2,3,,0,,0,,0,,0,,0,,0,,0,,0,939179.1176,20160810
20160810,IF1703,,,3125.8,3121.6,3127.6,805,3124.4,3143.8,3120.8,68,63864180,796,,,3433.6,2809.6,0,,11:16:09,0,3121.8,2,3127.2,3,,0,,0,,0,,0,,0,,0,,0,,0,939179.1176,20160810
20160810,IF1703,,,3125.8,3121.6,3127.6,805,3124.4,3143.8,3120.8,68,63864180,796,,,3433.6,2809.6,0,,11:16:13,500,3121.8,2,3127,1,,0,,0,,0,,0,,0,,0,,0,,0,939179.1176,20160810
20160810,IF1703,,,3125.8,3121.6,3127.6,805,3124.4,3143.8,3120.8,68,63864180,796,,,3433.6,2809.6,0,,11:16:14,0,3121.8,2,3127,2,,0,,0,,0,,0,,0,,0,,0,,0,939179.1176,20160810
20160810,IF1703,,,3125.8,3121.6,3127.6,805,3124.4,3143.8,3120.8,68,63864180,796,,,3433.6,2809.6,0,,11:16:14,500,3121.8,2,3127,3,,0,,0,,0,,0,,0,,0,,0,,0,939179.1176,20160810
20160810,IF1703,,,3125.8,3121.6,3127.6,805,3124.4,3143.8,3120.8,68,63864180,796,,,3433.6,2809.6,0,,11:16:16,500,3121.8,2,3127,2,,0,,0,,0,,0,,0,,0,,0,,0,939179.1176,20160810
20160810,IF1703,,,3125.8,3121.6,3127.6,805,3124.4,3143.8,3120.8,68,63864180,796,,,3433.6,2809.6,0,,11:16:17,500,3121.8,2,3127,3,,0,,0,,0,,0,,0,,0,,0,,0,939179.1176,20160810
20160810,IF1703,,,3125.8,3121.6,3127.6,805,3124.4,3143.8,3120.8,68,63864180,796,,,3433.6,2809.6,0,,11:16:19,500,3121.8,2,3126.8,2,,0,,0,,0,,0,,0,,0,,0,,0,939179.1176,20160810
20160810,IF1703,,,3125.8,3121.6,3127.6,805,3124.4,3143.8,3120.8,68,63864180,796,,,3433.6,2809.6,0,,11:16:20,0,3121.8,2,3126.8,3,,0,,0,,0,,0,,0,,0,,0,,0,939179.1176,20160810
20160810,IF1703,,,3125.8,3121.6,3127.6,805,3124.4,3143.8,3120.8,68,63864180,796,,,3433.6,2809.6,0,,11:16:20,500,3121.8,2,3126.8,3,,0,,0,,0,,0,,0,,0,,0,,0,939179.1176,20160810
20160810,IF1703,,,3125.8,3121.6,3127.6,805,3124.4,3143.8,3120.8,68,63864180,796,,,3433.6,2809.6,0,,11:16:21,0,3121.8,2,3126.8,4,,0,,0,,0,,0,,0,,0,,0,,0,939179.1176,20160810
20160810,IF1703,,,3125.8,3121.6,3127.6,805,3124.4,3143.8,3120.8,68,63864180,796,,,3433.6,2809.6,0,,11:16:22,0,3121.8,2,3126.6,1,,0,,0,,0,,0,,0,,0,,0,,0,939179.1176,20160810
20160810,IF1703,,,3125.8,3121.6,3127.6,805,3124.4,3143.8,3120.8,68,63864180,796,,,3433.6,2809.6,0,,11:16:22,500,3121.8,2,3126.6,2,,0,,0,,0,,0,,0,,0,,0,,0,939179.1176,20160810
20160810,IF1703,,,3125.8,3121.6,3127.6,805,3124.4,3143.8,3120.8,68,63864180,796,,,3433.6,2809.6,0,,11:16:23,0,3121.8,2,3126.4,2,,0,,0,,0,,0,,0,,0,,0,,0,939179.1176,20160810
20160810,IF1703,,,3125.8,3121.6,3127.6,805,3124.4,3143.8,3120.8,68,63864180,796,,,3433.6,2809.6,0,,11:16:24,0,3121.8,2,3126.2,1,,0,,0,,0,,0,,0,,0,,0,,0,939179.1176,20160810
20160810,IF1703,,,3125.8,3121.6,3127.6,805,3124.4,3143.8,3120.8,68,63864180,796,,,3433.6,2809.6,0,,11:16:24,500,3121.8,2,3126,1,,0,,0,,0,,0,,0,,0,,0,,0,939179.1176,20160810
20160810,IF1703,,,3125.8,3121.6,3127.6,805,3124.4,3143.8,3120.8,68,63864180,796,,,3433.6,2809.6,0,,11:16:25,0,3121.8,2,3125,1,,0,,0,,0,,0,,0,,0,,0,,0,939179.1176,20160810
20160810,IF1703,,,3125.8,3121.6,3127.6,805,3124.4,3143.8,3120.8,68,63864180,796,,,3433.6,2809.6,0,,11:16:25,500,3121.8,1,3124.8,2,,0,,0,,0,,0,,0,,0,,0,,0,939179.1176,20160810
20160810,IF1703,,,3125.8,3121.6,3127.6,805,3124.4,3143.8,3120.8,68,63864180,796,,,3433.6,2809.6,0,,11:16:26,0,3122,1,3124.8,2,,0,,0,,0,,0,,0,,0,,0,,0,939179.1176,20160810
20160810,IF1703,,,3125.8,3121.6,3127.6,805,3124.4,3143.8,3120.8,68,63864180,796,,,3433.6,2809.6,0,,11:16:26,500,3122,1,3124.8,2,,0,,0,,0,,0,,0,,0,,0,,0,939179.1176,20160810
20160810,IF1703,,,3125.8,3121.6,3127.6,805,3124.4,3143.8,3120.8,68,63864180,796,,,3433.6,2809.6,0,,11:16:36,0,3122.2,1,3124.8,2,,0,,0,,0,,0,,0,,0,,0,,0,939179.1176,20160810
20160810,IF1703,,,3125.8,3121.6,3127.6,805,3124.4,3143.8,3120.8,68,63864180,796,,,3433.6,2809.6,0,,11:16:37,0,3122,1,3124.8,2,,0,,0,,0,,0,,0,,0,,0,,0,939179.1176,20160810
20160810,IF1703,,,3125.8,3121.6,3127.6,805,3124.4,3143.8,3120.8,68,63864180,796,,,3433.6,2809.6,0,,11:16:45,0,3122.2,1,3124.8,2,,0,,0,,0,,0,,0,,0,,0,,0,939179.1176,20160810
20160810,IF1703,,,3125.8,3121.6,3127.6,805,3124.4,3143.8,3120.8,68,63864180,796,,,3433.6,2809.6,0,,11:16:51,0,3122,1,3124.8,2,,0,,0,,0,,0,,0,,0,,0,,0,939179.1176,20160810
20160810,IF1703,,,3125.8,3121.6,3127.6,805,3124.4,3143.8,3120.8,68,63864180,796,,,3433.6,2809.6,0,,11:16:55,500,3122.2,1,3124.8,2,,0,,0,,0,,0,,0,,0,,0,,0,939179.1176,20160810
20160810,IF1703,,,3125.8,3121.6,3127.6,805,3124.4,3143.8,3120.8,68,63864180,796,,,3433.6,2809.6,0,,11:16:56,0,3122.2,1,3124.8,2,,0,,0,,0,,0,,0,,0,,0,,0,939179.1176,20160810
20160810,IF1703,,,3125.8,3121.6,3127.6,805,3124.4,3143.8,3120.8,68,63864180,796,,,3433.6,2809.6,0,,11:16:58,0,3122,1,3124.8,2,,0,,0,,0,,0,,0,,0,,0,,0,939179.1176,20160810
20160810,IF1703,,,3125.8,3121.6,3127.6,805,3124.4,3143.8,3120.8,68,63864180,796,,,3433.6,2809.6,0,,11:17:02,0,3122.2,1,3124.8,2,,0,,0,,0,,0,,0,,0,,0,,0,939179.1176,20160810
20160810,IF1703,,,3125.8,3121.6,3127.6,805,3124.4,3143.8,3120.8,68,63864180,796,,,3433.6,2809.6,0,,11:17:07,500,3122,1,3124.8,2,,0,,0,,0,,0,,0,,0,,0,,0,939179.1176,20160810
20160810,IF1703,,,3125.8,3121.6,3127.6,805,3124.4,3143.8,3120.8,68,63864180,796,,,3433.6,2809.6,0,,11:17:10,0,3122.2,1,3124.8,2,,0,,0,,0,,0,,0,,0,,0,,0,939179.1176,20160810
20160810,IF1703,,,3125.8,3121.6,3127.6,805,3124.4,3143.8,3120.8,68,63864180,796,,,3433.6,2809.6,0,,11:17:20,0,3122,1,3124.8,2,,0,,0,,0,,0,,0,,0,,0,,0,939179.1176,20160810
20160810,IF1703,,,3125.8,3121.6,3127.6,805,3124.4,3143.8,3120.8,68,63864180,796,,,3433.6,2809.6,0,,11:17:22,500,3122,1,3124.6,1,,0,,0,,0,,0,,0,,0,,0,,0,939179.1176,20160810
20160810,IF1703,,,3125.8,3121.6,3127.6,805,3124.4,3143.8,3120.8,68,63864180,796,,,3433.6,2809.6,0,,11:17:25,0,3122.2,1,3124.6,1,,0,,0,,0,,0,,0,,0,,0,,0,939179.1176,20160810
20160810,IF1703,,,3125.8,3121.6,3127.6,805,3124.4,3143.8,3120.8,68,63864180,796,,,3433.6,2809.6,0,,11:17:40,500,3122.2,1,3124.8,2,,0,,0,,0,,0,,0,,0,,0,,0,939179.1176,20160810
20160810,IF1703,,,3125.8,3121.6,3127.6,805,3124.4,3143.8,3120.8,68,63864180,796,,,3433.6,2809.6,0,,11:18:02,0,3122.2,1,3129,1,,0,,0,,0,,0,,0,,0,,0,,0,939179.1176,20160810
20160810,IF1703,,,3125.8,3121.6,3127.6,805,3124.4,3143.8,3120.8,68,63864180,796,,,3433.6,2809.6,0,,11:18:02,500,3122.2,1,3127,1,,0,,0,,0,,0,,0,,0,,0,,0,939179.1176,20160810
20160810,IF1703,,,3125.8,3121.6,3127.6,805,3124.4,3143.8,3120.8,68,63864180,796,,,3433.6,2809.6,0,,11:18:03,0,3122.2,1,3127,1,,0,,0,,0,,0,,0,,0,,0,,0,939179.1176,20160810
20160810,IF1703,,,3125.8,3121.6,3127.6,805,3124.4,3143.8,3120.8,68,63864180,796,,,3433.6,2809.6,0,,11:18:03,500,3122.2,1,3127,1,,0,,0,,0,,0,,0,,0,,0,,0,939179.1176,20160810
20160810,IF1703,,,3125.8,3121.6,3127.6,805,3124.4,3143.8,3120.8,68,63864180,796,,,3433.6,2809.6,0,,11:18:06,500,3122.4,1,3126.8,2,,0,,0,,0,,0,,0,,0,,0,,0,939179.1176,20160810
20160810,IF1703,,,3125.8,3121.6,3127.6,805,3124.4,3143.8,3120.8,68,63864180,796,,,3433.6,2809.6,0,,11:18:07,0,3122.4,1,3126.8,2,,0,,0,,0,,0,,0,,0,,0,,0,939179.1176,20160810
20160810,IF1703,,,3125.8,3121.6,3127.6,805,3124.4,3143.8,3120.8,68,63864180,796,,,3433.6,2809.6,0,,11:18:07,500,3122.6,1,3126.8,2,,0,,0,,0,,0,,0,,0,,0,,0,939179.1176,20160810
20160810,IF1703,,,3125.8,3121.6,3127.6,805,3124.4,3143.8,3120.8,68,63864180,796,,,3433.6,2809.6,0,,11:18:09,500,3122.8,1,3126.8,2,,0,,0,,0,,0,,0,,0,,0,,0,939179.1176,20160810
20160810,IF1703,,,3125.8,3121.6,3127.6,805,3124.4,3143.8,3120.8,68,63864180,796,,,3433.6,2809.6,0,,11:18:10,0,3122.8,1,3126.8,2,,0,,0,,0,,0,,0,,0,,0,,0,939179.1176,20160810
20160810,IF1703,,,3125.8,3121.6,3127.6,805,3124.4,3143.8,3120.8,68,63864180,796,,,3433.6,2809.6,0,,11:18:10,500,3123,1,3126.8,2,,0,,0,,0,,0,,0,,0,,0,,0,939179.1176,20160810
20160810,IF1703,,,3125.8,3121.6,3127.6,805,3124.4,3143.8,3120.8,68,63864180,796,,,3433.6,2809.6,0,,11:18:13,500,3123.2,1,3126.8,2,,0,,0,,0,,0,,0,,0,,0,,0,939179.1176,20160810
20160810,IF1703,,,3125.8,3121.6,3127.6,805,3124.4,3143.8,3120.8,68,63864180,796,,,3433.6,2809.6,0,,11:18:14,0,3123.2,1,3126.8,2,,0,,0,,0,,0,,0,,0,,0,,0,939179.1176,20160810
20160810,IF1703,,,3125.8,3121.6,3127.6,805,3124.4,3143.8,3120.8,68,63864180,796,,,3433.6,2809.6,0,,11:18:17,0,3123.2,1,3126,1,,0,,0,,0,,0,,0,,0,,0,,0,939179.1176,20160810
20160810,IF1703,,,3125.8,3121.6,3127.6,805,3124.4,3143.8,3120.8,68,63864180,796,,,3433.6,2809.6,0,,11:18:18,0,3123.2,1,3125.8,2,,0,,0,,0,,0,,0,,0,,0,,0,939179.1176,20160810
20160810,IF1703,,,3125.8,3121.6,3127.6,805,3124.4,3143.8,3120.8,68,63864180,796,,,3433.6,2809.6,0,,11:18:27,0,3123.4,1,3125.8,2,,0,,0,,0,,0,,0,,0,,0,,0,939179.1176,20160810
20160810,IF1703,,,3125.8,3121.6,3127.6,805,3124.4,3143.8,3120.8,68,63864180,796,,,3433.6,2809.6,0,,11:18:28,0,3123.4,1,3125.8,2,,0,,0,,0,,0,,0,,0,,0,,0,939179.1176,20160810
20160810,IF1703,,,3125.8,3121.6,3127.6,805,3124.4,3143.8,3120.8,68,63864180,796,,,3433.6,2809.6,0,,11:18:35,0,3123.2,1,3125.8,2,,0,,0,,0,,0,,0,,0,,0,,0,939179.1176,20160810
20160810,IF1703,,,3125.8,3121.6,3127.6,805,3124.4,3143.8,3120.8,68,63864180,796,,,3433.6,2809.6,0,,11:18:35,500,3123.4,1,3125.8,2,,0,,0,,0,,0,,0,,0,,0,,0,939179.1176,20160810
20160810,IF1703,,,3125.8,3121.6,3127.6,805,3124.4,3143.8,3120.8,68,63864180,796,,,3433.6,2809.6,0,,11:18:36,500,3123.2,1,3125.8,2,,0,,0,,0,,0,,0,,0,,0,,0,939179.1176,20160810
20160810,IF1703,,,3125.8,3121.6,3127.6,805,3124.4,3143.8,3120.8,68,63864180,796,,,3433.6,2809.6,0,,11:18:39,500,3123.4,1,3125.8,2,,0,,0,,0,,0,,0,,0,,0,,0,939179.1176,20160810
20160810,IF1703,,,3125.8,3121.6,3127.6,805,3124.4,3143.8,3120.8,68,63864180,796,,,3433.6,2809.6,0,,11:18:44,0,3123.4,1,3125.4,1,,0,,0,,0,,0,,0,,0,,0,,0,939179.1176,20160810
20160810,IF1703,,,3123.4,3121.6,3127.6,805,3124.4,3143.8,3120.8,69,64801200,796,,,3433.6,2809.6,0,,11:19:45,500,3123.2,1,3123.4,1,,0,,0,,0,,0,,0,,0,,0,,0,939147.8261,20160810
20160810,IF1703,,,3123.4,3121.6,3127.6,805,3124.4,3143.8,3120.8,70,65738220,796,,,3433.6,2809.6,0,,11:19:46,0,3111.4,1,3125.4,1,,0,,0,,0,,0,,0,,0,,0,,0,939117.4286,20160810
20160810,IF1703,,,3123.4,3121.6,3127.6,805,3124.4,3143.8,3120.8,70,65738220,796,,,3433.6,2809.6,0,,11:19:46,500,3112,1,3125.2,2,,0,,0,,0,,0,,0,,0,,0,,0,939117.4286,20160810
20160810,IF1703,,,3123.4,3121.6,3127.6,805,3124.4,3143.8,3120.8,70,65738220,796,,,3433.6,2809.6,0,,11:19:47,0,3120.8,1,3125.2,2,,0,,0,,0,,0,,0,,0,,0,,0,939117.4286,20160810
20160810,IF1703,,,3123.4,3121.6,3127.6,805,3124.4,3143.8,3120.8,70,65738220,796,,,3433.6,2809.6,0,,11:19:47,500,3121,1,3125.2,2,,0,,0,,0,,0,,0,,0,,0,,0,939117.4286,20160810
20160810,IF1703,,,3123.4,3121.6,3127.6,805,3124.4,3143.8,3120.8,70,65738220,796,,,3433.6,2809.6,0,,11:19:48,0,3121,1,3125.2,2,,0,,0,,0,,0,,0,,0,,0,,0,939117.4286,20160810
20160810,IF1703,,,3123.4,3121.6,3127.6,805,3124.4,3143.8,3120.8,70,65738220,796,,,3433.6,2809.6,0,,11:19:48,500,3121.4,1,3125.2,2,,0,,0,,0,,0,,0,,0,,0,,0,939117.4286,20160810
20160810,IF1703,,,3123.4,3121.6,3127.6,805,3124.4,3143.8,3120.8,70,65738220,796,,,3433.6,2809.6,0,,11:19:50,500,3121.6,1,3125.2,2,,0,,0,,0,,0,,0,,0,,0,,0,939117.4286,20160810
20160810,IF1703,,,3123.4,3121.6,3127.6,805,3124.4,3143.8,3120.8,70,65738220,796,,,3433.6,2809.6,0,,11:19:51,500,3121.6,1,3125.2,2,,0,,0,,0,,0,,0,,0,,0,,0,939117.4286,20160810
20160810,IF1703,,,3123.4,3121.6,3127.6,805,3124.4,3143.8,3120.8,70,65738220,796,,,3433.6,2809.6,0,,11:19:53,500,3122,1,3125.2,2,,0,,0,,0,,0,,0,,0,,0,,0,939117.4286,20160810
20160810,IF1703,,,3123.4,3121.6,3127.6,805,3124.4,3143.8,3120.8,70,65738220,796,,,3433.6,2809.6,0,,11:19:54,500,3122.2,1,3125.2,2,,0,,0,,0,,0,,0,,0,,0,,0,939117.4286,20160810
20160810,IF1703,,,3123.4,3121.6,3127.6,805,3124.4,3143.8,3120.8,70,65738220,796,,,3433.6,2809.6,0,,11:19:59,0,3122.2,1,3125.2,2,,0,,0,,0,,0,,0,,0,,0,,0,939117.4286,20160810
20160810,IF1703,,,3123.4,3121.6,3127.6,805,3124.4,3143.8,3120.8,70,65738220,796,,,3433.6,2809.6,0,,11:20:01,500,3122.4,1,3125.2,2,,0,,0,,0,,0,,0,,0,,0,,0,939117.4286,20160810
20160810,IF1703,,,3123.4,3121.6,3127.6,805,3124.4,3143.8,3120.8,70,65738220,796,,,3433.6,2809.6,0,,11:20:02,0,3122.6,2,3125,1,,0,,0,,0,,0,,0,,0,,0,,0,939117.4286,20160810
20160810,IF1703,,,3123.4,3121.6,3127.6,805,3124.4,3143.8,3120.8,70,65738220,796,,,3433.6,2809.6,0,,11:20:04,500,3122.6,2,3125,1,,0,,0,,0,,0,,0,,0,,0,,0,939117.4286,20160810
20160810,IF1703,,,3123.4,3121.6,3127.6,805,3124.4,3143.8,3120.8,70,65738220,796,,,3433.6,2809.6,0,,11:20:06,0,3122.6,2,3125.2,2,,0,,0,,0,,0,,0,,0,,0,,0,939117.4286,20160810
20160810,IF1703,,,3123.4,3121.6,3127.6,805,3124.4,3143.8,3120.8,70,65738220,796,,,3433.6,2809.6,0,,11:20:06,500,3122.6,2,3125,1,,0,,0,,0,,0,,0,,0,,0,,0,939117.4286,20160810
20160810,IF1703,,,3123.4,3121.6,3127.6,805,3124.4,3143.8,3120.8,70,65738220,796,,,3433.6,2809.6,0,,11:20:08,0,3122.6,2,3125,1,,0,,0,,0,,0,,0,,0,,0,,0,939117.4286,20160810
20160810,IF1703,,,3123.4,3121.6,3127.6,805,3124.4,3143.8,3120.8,70,65738220,796,,,3433.6,2809.6,0,,11:20:12,0,3122.6,2,3125.2,2,,0,,0,,0,,0,,0,,0,,0,,0,939117.4286,20160810
20160810,IF1703,,,3123.4,3121.6,3127.6,805,3124.4,3143.8,3120.8,70,65738220,796,,,3433.6,2809.6,0,,11:20:13,500,3122.6,2,3125,1,,0,,0,,0,,0,,0,,0,,0,,0,939117.4286,20160810
20160810,IF1703,,,3123.4,3121.6,3127.6,805,3124.4,3143.8,3120.8,70,65738220,796,,,3433.6,2809.6,0,,11:20:30,500,3122.6,2,3125.2,2,,0,,0,,0,,0,,0,,0,,0,,0,939117.4286,20160810
20160810,IF1703,,,3125.2,3121.6,3127.6,805,3124.4,3143.8,3120.8,71,66675780,796,,,3433.6,2809.6,0,,11:20:34,0,3122.6,2,3125.4,1,,0,,0,,0,,0,,0,,0,,0,,0,939095.493,20160810
20160810,IF1703,,,3125.2,3121.6,3127.6,805,3124.4,3143.8,3120.8,71,66675780,796,,,3433.6,2809.6,0,,11:20:34,500,3122.6,2,3125.2,1,,0,,0,,0,,0,,0,,0,,0,,0,939095.493,20160810
20160810,IF1703,,,3125.2,3121.6,3127.6,805,3124.4,3143.8,3120.8,71,66675780,796,,,3433.6,2809.6,0,,11:20:38,500,3123,1,3125.2,1,,0,,0,,0,,0,,0,,0,,0,,0,939095.493,20160810
20160810,IF1703,,,3125.2,3121.6,3127.6,805,3124.4,3143.8,3120.8,71,66675780,796,,,3433.6,2809.6,0,,11:20:42,500,3123,1,3125.2,1,,0,,0,,0,,0,,0,,0,,0,,0,939095.493,20160810
20160810,IF1703,,,3125.2,3121.6,3127.6,805,3124.4,3143.8,3120.8,71,66675780,796,,,3433.6,2809.6,0,,11:20:44,500,3123.2,1,3125.2,1,,0,,0,,0,,0,,0,,0,,0,,0,939095.493,20160810
20160810,IF1703,,,3125.2,3121.6,3127.6,805,3124.4,3143.8,3120.8,71,66675780,796,,,3433.6,2809.6,0,,11:20:52,0,3123.2,1,3125.2,1,,0,,0,,0,,0,,0,,0,,0,,0,939095.493,20160810
20160810,IF1703,,,3125.2,3121.6,3127.6,805,3124.4,3143.8,3120.8,71,66675780,796,,,3433.6,2809.6,0,,11:21:18,500,3122.6,1,3125.2,1,,0,,0,,0,,0,,0,,0,,0,,0,939095.493,20160810
20160810,IF1703,,,3125.2,3121.6,3127.6,805,3124.4,3143.8,3120.8,71,66675780,796,,,3433.6,2809.6,0,,11:21:23,0,3122.8,1,3125.2,1,,0,,0,,0,,0,,0,,0,,0,,0,939095.493,20160810
20160810,IF1703,,,3125.2,3121.6,3127.6,805,3124.4,3143.8,3120.8,71,66675780,796,,,3433.6,2809.6,0,,11:21:25,500,3122.8,1,3125,1,,0,,0,,0,,0,,0,,0,,0,,0,939095.493,20160810
20160810,IF1703,,,3125.2,3121.6,3127.6,805,3124.4,3143.8,3120.8,71,66675780,796,,,3433.6,2809.6,0,,11:21:34,0,3122.8,1,3125.2,1,,0,,0,,0,,0,,0,,0,,0,,0,939095.493,20160810
20160810,IF1703,,,3125.2,3121.6,3127.6,805,3124.4,3143.8,3120.8,71,66675780,796,,,3433.6,2809.6,0,,11:21:36,0,3122.8,1,3124.6,1,,0,,0,,0,,0,,0,,0,,0,,0,939095.493,20160810
