20160810,IH1609,,,2158.4,2156,2158.8,5089,2159.2,2163,2155,198,128299860,5121,1.797693135e+308,1.797693135e+308,2371.6,1940.4,0,1.797693135e+308,10:26:53,0,2158.2,1,2159.2,1,1.797693135e+308,0,1.797693135e+308,0,1.797693135e+308,0,1.797693135e+308,0,1.797693135e+308,0,1.797693135e+308,0,1.797693135e+308,0,1.797693135e+308,0,647979.0909,20160810
20160810,IH1609,,,2158.4,2156,2158.8,5089,2159.2,2163,2155,198,128299860,5121,1.797693135e+308,1.797693135e+308,2371.6,1940.4,0,1.797693135e+308,10:26:55,0,2158.4,1,2159.2,1,1.797693135e+308,0,1.797693135e+308,0,1.797693135e+308,0,1.797693135e+308,0,1.797693135e+308,0,1.797693135e+308,0,1.797693135e+308,0,1.797693135e+308,0,647979.0909,20160810
20160810,IH1609,,,2158.4,2156,2158.8,5089,2159.2,2163,2155,198,128299860,5121,1.797693135e+308,1.797693135e+308,2371.6,1940.4,0,1.797693135e+308,10:27:01,0,2158.4,1,2159.2,1,1.797693135e+308,0,1.797693135e+308,0,1.797693135e+308,0,1.797693135e+308,0,1.797693135e+308,0,1.797693135e+308,0,1.797693135e+308,0,1.797693135e+308,0,647979.0909,20160810
20160810,IH1609,,,2158.4,2156,2158.8,5089,2159.2,2163,2155,198,128299860,5121,1.797693135e+308,1.797693135e+308,2371.6,1940.4,0,1.797693135e+308,10:27:04,0,2158.2,1,2159.2,1,1.797693135e+308,0,1.797693135e+308,0,1.797693135e+308,0,1.797693135e+308,0,1.797693135e+308,0,1.797693135e+308,0,1.797693135e+308,0,1.797693135e+308,0,647979.0909,20160810
20160810,IH1609,,,2158.2,2156,2158.8,5089,2159.2,2163,2155,199,128947320,5122,1.797693135e+308,1.797693135e+308,2371.6,1940.4,0,1.797693135e+308,10:27:05,0,2158,1,2159,1,1.797693135e+308,0,1.797693135e+308,0,1.797693135e+308,0,1.797693135e+308,0,1.797693135e+308,0,1.797693135e+308,0,1.797693135e+308,0,1.797693135e+308,0,647976.4824,20160810
20160810,IH1609,,,2158.2,2156,2158.8,5089,2159.2,2163,2155,199,128947320,5122,1.797693135e+308,1.797693135e+308,2371.6,1940.4,0,1.797693135e+308,10:27:05,500,2158,1,2159,1,1.797693135e+308,0,1.797693135e+308,0,1.797693135e+308,0,1.797693135e+308,0,1.797693135e+308,0,1.797693135e+308,0,1.797693135e+308,0,1.797693135e+308,0,647976.4824,20160810
20160810,IH1609,,,2158,2156,2158.8,5089,2159.2,2163,2155,200,129594720,5121,1.797693135e+308,1.797693135e+308,2371.6,1940.4,0,1.797693135e+308,10:27:06,500,2157,3,2159,1,1.797693135e+308,0,1.797693135e+308,0,1.797693135e+308,0,1.797693135e+308,0,1.797693135e+308,0,1.797693135e+308,0,1.797693135e+308,0,1.797693135e+308,0,647973.6,20160810
20160810,IH1609,,,2158,2156,2158.8,5089,2159.2,2163,2155,200,129594720,5121,1.797693135e+308,1.797693135e+308,2371.6,1940.4,0,1.797693135e+308,10:27:07,0,2157.2,2,2158.6,1,1.797693135e+308,0,1.797693135e+308,0,1.797693135e+308,0,1.797693135e+308,0,1.797693135e+308,0,1.797693135e+308,0,1.797693135e+308,0,1.797693135e+308,0,647973.6,20160810
20160810,IH1609,,,2158,2156,2158.8,5089,2159.2,2163,2155,200,129594720,5121,1.797693135e+308,1.797693135e+308,2371.6,1940.4,0,1.797693135e+308,10:27:07,500,2157.2,3,2159,1,1.797693135e+308,0,1.797693135e+308,0,1.797693135e+308,0,1.797693135e+308,0,1.797693135e+308,0,1.797693135e+308,0,1.797693135e+308,0,1.797693135e+308,0,647973.6,20160810
20160810,IH1609,,,2158,2156,2158.8,5089,2159.2,2163,2155,200,129594720,5121,1.797693135e+308,1.797693135e+308,2371.6,1940.4,0,1.797693135e+308,10:27:08,0,2157.2,3,2159,1,1.797693135e+308,0,1.797693135e+308,0,1.797693135e+308,0,1.797693135e+308,0,1.797693135e+308,0,1.797693135e+308,0,1.797693135e+308,0,1.797693135e+308,0,647973.6,20160810
20160810,IH1609,,,2158,2156,2158.8,5089,2159.2,2163,2155,200,129594720,5121,1.797693135e+308,1.797693135e+308,2371.6,1940.4,0,1.797693135e+308,10:27:09,0,2157.4,2,2159,1,1.797693135e+308,0,1.797693135e+308,0,1.797693135e+308,0,1.797693135e+308,0,1.797693135e+308,0,1.797693135e+308,0,1.797693135e+308,0,1.797693135e+308,0,647973.6,20160810
20160810,IH1609,,,2158,2156,2158.8,5089,2159.2,2163,2155,200,129594720,5121,1.797693135e+308,1.797693135e+308,2371.6,1940.4,0,1.797693135e+308,10:27:09,500,2157.6,1,2159,1,1.797693135e+308,0,1.797693135e+308,0,1.797693135e+308,0,1.797693135e+308,0,1.797693135e+308,0,1.797693135e+308,0,1.797693135e+308,0,1.797693135e+308,0,647973.6,20160810
20160810,IH1609,,,2158,2156,2158.8,5089,2159.2,2163,2155,200,129594720,5121,1.797693135e+308,1.797693135e+308,2371.6,1940.4,0,1.797693135e+308,10:27:10,0,2157.4,2,2159,1,1.797693135e+308,0,1.797693135e+308,0,1.797693135e+308,0,1.797693135e+308,0,1.797693135e+308,0,1.797693135e+308,0,1.797693135e+308,0,1.797693135e+308,0,647973.6,20160810
20160810,IH1609,,,2158,2156,2158.8,5089,2159.2,2163,2155,200,129594720,5121,1.797693135e+308,1.797693135e+308,2371.6,1940.4,0,1.797693135e+308,10:27:16,0,2157.4,3,2159,1,1.797693135e+308,0,1.797693135e+308,0,1.797693135e+308,0,1.797693135e+308,0,1.797693135e+308,0,1.797693135e+308,0,1.797693135e+308,0,1.797693135e+308,0,647973.6,20160810
20160810,IH1609,,,2157.4,2156,2158.8,5089,2159.2,2163,2155,201,130241940,5121,1.797693135e+308,1.797693135e+308,2371.6,1940.4,0,1.797693135e+308,10:27:19,0,2157.4,2,2159,1,1.797693135e+308,0,1.797693135e+308,0,1.797693135e+308,0,1.797693135e+308,0,1.797693135e+308,0,1.797693135e+308,0,1.797693135e+308,0,1.797693135e+308,0,647969.8507,20160810
20160810,IH1609,,,2157.4,2156,2158.8,5089,2159.2,2163,2155,201,130241940,5121,1.797693135e+308,1.797693135e+308,2371.6,1940.4,0,1.797693135e+308,10:27:19,500,2157.6,1,2159,1,1.797693135e+308,0,1.797693135e+308,0,1.797693135e+308,0,1.797693135e+308,0,1.797693135e+308,0,1.797693135e+308,0,1.797693135e+308,0,1.797693135e+308,0,647969.8507,20160810
20160810,IH1609,,,2157.4,2156,2158.8,5089,2159.2,2163,2155,201,130241940,5121,1.797693135e+308,1.797693135e+308,2371.6,1940.4,0,1.797693135e+308,10:27:22,0,2157.4,1,2159,1,1.797693135e+308,0,1.797693135e+308,0,1.797693135e+308,0,1.797693135e+308,0,1.797693135e+308,0,1.797693135e+308,0,1.797693135e+308,0,1.797693135e+308,0,647969.8507,20160810
20160810,IH1609,,,2157.4,2156,2158.8,5089,2159.2,2163,2155,201,130241940,5121,1.797693135e+308,1.797693135e+308,2371.6,1940.4,0,1.797693135e+308,10:27:23,0,2157.4,1,2158.8,1,1.797693135e+308,0,1.797693135e+308,0,1.797693135e+308,0,1.797693135e+308,0,1.797693135e+308,0,1.797693135e+308,0,1.797693135e+308,0,1.797693135e+308,0,647969.8507,20160810
20160810,IH1609,,,2157.4,2156,2158.8,5089,2159.2,2163,2155,201,130241940,5121,1.797693135e+308,1.797693135e+308,2371.6,1940.4,0,1.797693135e+308,10:27:25,0,2157.6,2,2158.8,1,1.797693135e+308,0,1.797693135e+308,0,1.797693135e+308,0,1.797693135e+308,0,1.797693135e+308,0,1.797693135e+308,0,1.797693135e+308,0,1.797693135e+308,0,647969.8507,20160810
20160810,IH1609,,,2157.4,2156,2158.8,5089,2159.2,2163,2155,201,130241940,5121,1.797693135e+308,1.797693135e+308,2371.6,1940.4,0,1.797693135e+308,10:27:26,0,2157.6,1,2158.8,1,1.797693135e+308,0,1.797693135e+308,0,1.797693135e+308,0,1.797693135e+308,0,1.797693135e+308,0,1.797693135e+308,0,1.797693135e+308,0,1.797693135e+308,0,647969.8507,20160810
20160810,IH1609,,,2157.4,2156,2158.8,5089,2159.2,2163,2155,201,130241940,5121,1.797693135e+308,1.797693135e+308,2371.6,1940.4,0,1.797693135e+308,10:27:28,0,2157.8,1,2158.8,1,1.797693135e+308,0,1.797693135e+308,0,1.797693135e+308,0,1.797693135e+308,0,1.797693135e+308,0,1.797693135e+308,0,1.797693135e+308,0,1.797693135e+308,0,647969.8507,20160810
20160810,IH1609,,,2157.4,2156,2158.8,5089,2159.2,2163,2155,201,130241940,5121,1.797693135e+308,1.797693135e+308,2371.6,1940.4,0,1.797693135e+308,10:27:30,500,2157.6,1,2158.8,1,1.797693135e+308,0,1.797693135e+308,0,1.797693135e+308,0,1.797693135e+308,0,1.797693135e+308,0,1.797693135e+308,0,1.797693135e+308,0,1.797693135e+308,0,647969.8507,20160810
20160810,IH1609,,,2157.4,2156,2158.8,5089,2159.2,2163,2155,202,130889160,5121,1.797693135e+308,1.797693135e+308,2371.6,1940.4,0,1.797693135e+308,10:27:31,0,2157.4,1,2158.8,1,1.797693135e+308,0,1.797693135e+308,0,1.797693135e+308,0,1.797693135e+308,0,1.797693135e+308,0,1.797693135e+308,0,1.797693135e+308,0,1.797693135e+308,0,647966.1386,20160810
20160810,IH1609,,,2157.4,2156,2158.8,5089,2159.2,2163,2155,202,130889160,5121,1.797693135e+308,1.797693135e+308,2371.6,1940.4,0,1.797693135e+308,10:27:42,0,2157,3,2158.6,1,1.797693135e+308,0,1.797693135e+308,0,1.797693135e+308,0,1.797693135e+308,0,1.797693135e+308,0,1.797693135e+308,0,1.797693135e+308,0,1.797693135e+308,0,647966.1386,20160810
20160810,IH1609,,,2157.4,2156,2158.8,5089,2159.2,2163,2155,202,130889160,5121,1.797693135e+308,1.797693135e+308,2371.6,1940.4,0,1.797693135e+308,10:27:42,500,2157.6,1,2158.4,1,1.797693135e+308,0,1.797693135e+308,0,1.797693135e+308,0,1.797693135e+308,0,1.797693135e+308,0,1.797693135e+308,0,1.797693135e+308,0,1.797693135e+308,0,647966.1386,20160810
20160810,IH1609,,,2157.4,2156,2158.8,5089,2159.2,2163,2155,202,130889160,5121,1.797693135e+308,1.797693135e+308,2371.6,1940.4,0,1.797693135e+308,10:27:43,0,2157.6,1,2158.8,2,1.797693135e+308,0,1.797693135e+308,0,1.797693135e+308,0,1.797693135e+308,0,1.797693135e+308,0,1.797693135e+308,0,1.797693135e+308,0,1.797693135e+308,0,647966.1386,20160810
20160810,IH1609,,,2157.4,2156,2158.8,5089,2159.2,2163,2155,202,130889160,5121,1.797693135e+308,1.797693135e+308,2371.6,1940.4,0,1.797693135e+308,10:27:43,500,2157.2,2,2158.8,2,1.797693135e+308,0,1.797693135e+308,0,1.797693135e+308,0,1.797693135e+308,0,1.797693135e+308,0,1.797693135e+308,0,1.797693135e+308,0,1.797693135e+308,0,647966.1386,20160810
20160810,IH1609,,,2157.4,2156,2158.8,5089,2159.2,2163,2155,202,130889160,5121,1.797693135e+308,1.797693135e+308,2371.6,1940.4,0,1.797693135e+308,10:27:45,0,2157.2,3,2158.8,2,1.797693135e+308,0,1.797693135e+308,0,1.797693135e+308,0,1.797693135e+308,0,1.797693135e+308,0,1.797693135e+308,0,1.797693135e+308,0,1.797693135e+308,0,647966.1386,20160810
20160810,IH1609,,,2157.4,2156,2158.8,5089,2159.2,2163,2155,202,130889160,5121,1.797693135e+308,1.797693135e+308,2371.6,1940.4,0,1.797693135e+308,10:27:45,500,2157.2,3,2158.8,2,1.797693135e+308,0,1.797693135e+308,0,1.797693135e+308,0,1.797693135e+308,0,1.797693135e+308,0,1.797693135e+308,0,1.797693135e+308,0,1.797693135e+308,0,647966.1386,20160810
20160810,IH1609,,,2157.4,2156,2158.8,5089,2159.2,2163,2155,202,130889160,5121,1.797693135e+308,1.797693135e+308,2371.6,1940.4,0,1.797693135e+308,10:27:46,0,2157.4,3,2158.8,2,1.797693135e+308,0,1.797693135e+308,0,1.797693135e+308,0,1.797693135e+308,0,1.797693135e+308,0,1.797693135e+308,0,1.797693135e+308,0,1.797693135e+308,0,647966.1386,20160810
20160810,IH1609,,,2157.4,2156,2158.8,5089,2159.2,2163,2155,202,130889160,5121,1.797693135e+308,1.797693135e+308,2371.6,1940.4,0,1.797693135e+308,10:27:46,500,2157.6,1,2158.8,2,1.797693135e+308,0,1.797693135e+308,0,1.797693135e+308,0,1.797693135e+308,0,1.797693135e+308,0,1.797693135e+308,0,1.797693135e+308,0,1.797693135e+308,0,647966.1386,20160810
20160810,IH1609,,,2157.4,2156,2158.8,5089,2159.2,2163,2155,202,130889160,5121,1.797693135e+308,1.797693135e+308,2371.6,1940.4,0,1.797693135e+308,10:27:48,0,2157.6,1,2158.8,1,1.797693135e+308,0,1.797693135e+308,0,1.797693135e+308,0,1.797693135e+308,0,1.797693135e+308,0,1.797693135e+308,0,1.797693135e+308,0,1.797693135e+308,0,647966.1386,20160810
20160810,IH1609,,,2157.4,2156,2158.8,5089,2159.2,2163,2155,202,130889160,5121,1.797693135e+308,1.797693135e+308,2371.6,1940.4,0,1.797693135e+308,10:27:48,500,2157.6,1,2159,1,1.797693135e+308,0,1.797693135e+308,0,1.797693135e+308,0,1.797693135e+308,0,1.797693135e+308,0,1.797693135e+308,0,1.797693135e+308,0,1.797693135e+308,0,647966.1386,20160810
20160810,IH1609,,,2157.4,2156,2158.8,5089,2159.2,2163,2155,202,130889160,5121,1.797693135e+308,1.797693135e+308,2371.6,1940.4,0,1.797693135e+308,10:27:49,500,2157.6,1,2159,1,1.797693135e+308,0,1.797693135e+308,0,1.797693135e+308,0,1.797693135e+308,0,1.797693135e+308,0,1.797693135e+308,0,1.797693135e+308,0,1.797693135e+308,0,647966.1386,20160810
20160810,IH1609,,,2157.4,2156,2158.8,5089,2159.2,2163,2155,202,130889160,5121,1.797693135e+308,1.797693135e+308,2371.6,1940.4,0,1.797693135e+308,10:27:50,0,2157.4,1,2159,1,1.797693135e+308,0,1.797693135e+308,0,1.797693135e+308,0,1.797693135e+308,0,1.797693135e+308,0,1.797693135e+308,0,1.797693135e+308,0,1.797693135e+308,0,647966.1386,20160810
20160810,IH1609,,,2157.4,2156,2158.8,5089,2159.2,2163,2155,202,130889160,5121,1.797693135e+308,1.797693135e+308,2371.6,1940.4,0,1.797693135e+308,10:27:54,0,2157.4,1,2159,1,1.797693135e+308,0,1.797693135e+308,0,1.797693135e+308,0,1.797693135e+308,0,1.797693135e+308,0,1.797693135e+308,0,1.797693135e+308,0,1.797693135e+308,0,647966.1386,20160810
20160810,IH1609,,,2157.4,2156,2158.8,5089,2159.2,2163,2155,202,130889160,5121,1.797693135e+308,1.797693135e+308,2371.6,1940.4,0,1.797693135e+308,10:27:54,500,2157.6,1,2159,1,1.797693135e+308,0,1.797693135e+308,0,1.797693135e+308,0,1.797693135e+308,0,1.797693135e+308,0,1.797693135e+308,0,1.797693135e+308,0,1.797693135e+308,0,647966.1386,20160810
20160810,IH1609,,,2157.4,2156,2158.8,5089,2159.2,2163,2155,202,130889160,5121,1.797693135e+308,1.797693135e+308,2371.6,1940.4,0,1.797693135e+308,10:27:55,0,2157.8,1,2159,1,1.797693135e+308,0,1.797693135e+308,0,1.797693135e+308,0,1.797693135e+308,0,1.797693135e+308,0,1.797693135e+308,0,1.797693135e+308,0,1.797693135e+308,0,647966.1386,20160810
20160810,IH1609,,,2157.4,2156,2158.8,5089,2159.2,2163,2155,202,130889160,5121,1.797693135e+308,1.797693135e+308,2371.6,1940.4,0,1.797693135e+308,10:27:55,500,2157.8,1,2159,1,1.797693135e+308,0,1.797693135e+308,0,1.797693135e+308,0,1.797693135e+308,0,1.797693135e+308,0,1.797693135e+308,0,1.797693135e+308,0,1.797693135e+308,0,647966.1386,20160810
20160810,IH1609,,,2157.4,2156,2158.8,5089,2159.2,2163,2155,202,130889160,5121,1.797693135e+308,1.797693135e+308,2371.6,1940.4,0,1.797693135e+308,10:27:57,0,2157.6,1,2159,1,1.797693135e+308,0,1.797693135e+308,0,1.797693135e+308,0,1.797693135e+308,0,1.797693135e+308,0,1.797693135e+308,0,1.797693135e+308,0,1.797693135e+308,0,647966.1386,20160810
20160810,IH1609,,,2157.4,2156,2158.8,5089,2159.2,2163,2155,202,130889160,5121,1.797693135e+308,1.797693135e+308,2371.6,1940.4,0,1.797693135e+308,10:28:00,500,2157.4,1,2159,1,1.797693135e+308,0,1.797693135e+308,0,1.797693135e+308,0,1.797693135e+308,0,1.797693135e+308,0,1.797693135e+308,0,1.797693135e+308,0,1.797693135e+308,0,647966.1386,20160810
20160810,IH1609,,,2157.4,2156,2158.8,5089,2159.2,2163,2155,202,130889160,5121,1.797693135e+308,1.797693135e+308,2371.6,1940.4,0,1.797693135e+308,10:28:02,0,2157.4,2,2159,1,1.797693135e+308,0,1.797693135e+308,0,1.797693135e+308,0,1.797693135e+308,0,1.797693135e+308,0,1.797693135e+308,0,1.797693135e+308,0,1.797693135e+308,0,647966.1386,20160810
20160810,IH1609,,,2157.4,2156,2158.8,5089,2159.2,2163,2155,202,130889160,5121,1.797693135e+308,1.797693135e+308,2371.6,1940.4,0,1.797693135e+308,10:28:05,500,2157.6,1,2159,1,1.797693135e+308,0,1.797693135e+308,0,1.797693135e+308,0,1.797693135e+308,0,1.797693135e+308,0,1.797693135e+308,0,1.797693135e+308,0,1.797693135e+308,0,647966.1386,20160810
20160810,IH1609,,,2157.4,2156,2158.8,5089,2159.2,2163,2155,202,130889160,5121,1.797693135e+308,1.797693135e+308,2371.6,1940.4,0,1.797693135e+308,10:28:06,500,2157.6,1,2159,1,1.797693135e+308,0,1.797693135e+308,0,1.797693135e+308,0,1.797693135e+308,0,1.797693135e+308,0,1.797693135e+308,0,1.797693135e+308,0,1.797693135e+308,0,647966.1386,20160810
20160810,IH1609,,,2157.4,2156,2158.8,5089,2159.2,2163,2155,202,130889160,5121,1.797693135e+308,1.797693135e+308,2371.6,1940.4,0,1.797693135e+308,10:28:19,0,2157.8,1,2159,1,1.797693135e+308,0,1.797693135e+308,0,1.797693135e+308,0,1.797693135e+308,0,1.797693135e+308,0,1.797693135e+308,0,1.797693135e+308,0,1.797693135e+308,0,647966.1386,20160810
20160810,IH1609,,,2157.4,2156,2158.8,5089,2159.2,2163,2155,202,130889160,5121,1.797693135e+308,1.797693135e+308,2371.6,1940.4,0,1.797693135e+308,10:28:19,500,2157.8,1,2159,1,1.797693135e+308,0,1.797693135e+308,0,1.797693135e+308,0,1.797693135e+308,0,1.797693135e+308,0,1.797693135e+308,0,1.797693135e+308,0,1.797693135e+308,0,647966.1386,20160810
20160810,IH1609,,,2157.4,2156,2158.8,5089,2159.2,2163,2155,202,130889160,5121,1.797693135e+308,1.797693135e+308,2371.6,1940.4,0,1.797693135e+308,10:28:20,500,2157.8,1,2159,1,1.797693135e+308,0,1.797693135e+308,0,1.797693135e+308,0,1.797693135e+308,0,1.797693135e+308,0,1.797693135e+308,0,1.797693135e+308,0,1.797693135e+308,0,647966.1386,20160810
20160810,IH1609,,,2157.4,2156,2158.8,5089,2159.2,2163,2155,202,130889160,5121,1.797693135e+308,1.797693135e+308,2371.6,1940.4,0,1.797693135e+308,10:28:21,0,2158,1,2159,1,1.797693135e+308,0,1.797693135e+308,0,1.797693135e+308,0,1.797693135e+308,0,1.797693135e+308,0,1.797693135e+308,0,1.797693135e+308,0,1.797693135e+308,0,647966.1386,20160810
20160810,IH1609,,,2157.4,2156,2158.8,5089,2159.2,2163,2155,202,130889160,5121,1.797693135e+308,1.797693135e+308,2371.6,1940.4,0,1.797693135e+308,10:28:42,500,2158,1,2158.8,1,1.797693135e+308,0,1.797693135e+308,0,1.797693135e+308,0,1.797693135e+308,0,1.797693135e+308,0,1.797693135e+308,0,1.797693135e+308,0,1.797693135e+308,0,647966.1386,20160810
20160810,IH1609,,,2157.4,2156,2158.8,5089,2159.2,2163,2155,202,130889160,5121,1.797693135e+308,1.797693135e+308,2371.6,1940.4,0,1.797693135e+308,10:28:44,500,2157.8,1,2158.8,1,1.797693135e+308,0,1.797693135e+308,0,1.797693135e+308,0,1.797693135e+308,0,1.797693135e+308,0,1.797693135e+308,0,1.797693135e+308,0,1.797693135e+308,0,647966.1386,20160810
20160810,IH1609,,,2157.4,2156,2158.8,5089,2159.2,2163,2155,202,130889160,5121,1.797693135e+308,1.797693135e+308,2371.6,1940.4,0,1.797693135e+308,10:28:55,500,2158,1,2158.8,1,1.797693135e+308,0,1.797693135e+308,0,1.797693135e+308,0,1.797693135e+308,0,1.797693135e+308,0,1.797693135e+308,0,1.797693135e+308,0,1.797693135e+308,0,647966.1386,20160810
20160810,IH1609,,,2157.4,2156,2158.8,5089,2159.2,2163,2155,202,130889160,5121,1.797693135e+308,1.797693135e+308,2371.6,1940.4,0,1.797693135e+308,10:28:58,500,2157.4,1,2158.8,1,1.797693135e+308,0,1.797693135e+308,0,1.797693135e+308,0,1.797693135e+308,0,1.797693135e+308,0,1.797693135e+308,0,1.797693135e+308,0,1.797693135e+308,0,647966.1386,20160810
20160810,IH1609,,,2157.4,2156,2158.8,5089,2159.2,2163,2155,202,130889160,5121,1.797693135e+308,1.797693135e+308,2371.6,1940.4,0,1.797693135e+308,10:28:59,0,2157.6,1,2158.8,1,1.797693135e+308,0,1.797693135e+308,0,1.797693135e+308,0,1.797693135e+308,0,1.797693135e+308,0,1.797693135e+308,0,1.797693135e+308,0,1.797693135e+308,0,647966.1386,20160810
20160810,IH1609,,,2158.8,2156,2158.8,5089,2159.2,2163,2155,203,131536800,5120,1.797693135e+308,1.797693135e+308,2371.6,1940.4,0,1.797693135e+308,10:29:00,0,2157.6,1,2159,1,1.797693135e+308,0,1.797693135e+308,0,1.797693135e+308,0,1.797693135e+308,0,1.797693135e+308,0,1.797693135e+308,0,1.797693135e+308,0,1.797693135e+308,0,647964.532,20160810
20160810,IH1609,,,2158.8,2156,2158.8,5089,2159.2,2163,2155,203,131536800,5120,1.797693135e+308,1.797693135e+308,2371.6,1940.4,0,1.797693135e+308,10:29:01,0,2157.8,1,2159,1,1.797693135e+308,0,1.797693135e+308,0,1.797693135e+308,0,1.797693135e+308,0,1.797693135e+308,0,1.797693135e+308,0,1.797693135e+308,0,1.797693135e+308,0,647964.532,20160810
20160810,IH1609,,,2158.8,2156,2158.8,5089,2159.2,2163,2155,203,131536800,5120,1.797693135e+308,1.797693135e+308,2371.6,1940.4,0,1.797693135e+308,10:29:01,500,2157.8,2,2159,1,1.797693135e+308,0,1.797693135e+308,0,1.797693135e+308,0,1.797693135e+308,0,1.797693135e+308,0,1.797693135e+308,0,1.797693135e+308,0,1.797693135e+308,0,647964.532,20160810
20160810,IH1609,,,2158.8,2156,2158.8,5089,2159.2,2163,2155,203,131536800,5120,1.797693135e+308,1.797693135e+308,2371.6,1940.4,0,1.797693135e+308,10:29:02,0,2158,1,2159,1,1.797693135e+308,0,1.797693135e+308,0,1.797693135e+308,0,1.797693135e+308,0,1.797693135e+308,0,1.797693135e+308,0,1.797693135e+308,0,1.797693135e+308,0,647964.532,20160810
20160810,IH1609,,,2158.8,2156,2158.8,5089,2159.2,2163,2155,203,131536800,5120,1.797693135e+308,1.797693135e+308,2371.6,1940.4,0,1.797693135e+308,10:29:05,500,2158,1,2159,1,1.797693135e+308,0,1.797693135e+308,0,1.797693135e+308,0,1.797693135e+308,0,1.797693135e+308,0,1.797693135e+308,0,1.797693135e+308,0,1.797693135e+308,0,647964.532,20160810
20160810,IH1609,,,2158.8,2156,2158.8,5089,2159.2,2163,2155,203,131536800,5120,1.797693135e+308,1.797693135e+308,2371.6,1940.4,0,1.797693135e+308,10:29:08,500,2158.2,1,2159,1,1.797693135e+308,0,1.797693135e+308,0,1.797693135e+308,0,1.797693135e+308,0,1.797693135e+308,0,1.797693135e+308,0,1.797693135e+308,0,1.797693135e+308,0,647964.532,20160810
20160810,IH1609,,,2158.8,2156,2158.8,5089,2159.2,2163,2155,203,131536800,5120,1.797693135e+308,1.797693135e+308,2371.6,1940.4,0,1.797693135e+308,10:29:10,500,2158.2,1,2159,1,1.797693135e+308,0,1.797693135e+308,0,1.797693135e+308,0,1.797693135e+308,0,1.797693135e+308,0,1.797693135e+308,0,1.797693135e+308,0,1.797693135e+308,0,647964.532,20160810
20160810,IH1609,,,2159,2156,2158.8,5089,2159.2,2163,2155,204,132184500,5119,1.797693135e+308,1.797693135e+308,2371.6,1940.4,0,1.797693135e+308,10:29:11,500,2158.2,1,2159.2,1,1.797693135e+308,0,1.797693135e+308,0,1.797693135e+308,0,1.797693135e+308,0,1.797693135e+308,0,1.797693135e+308,0,1.797693135e+308,0,1.797693135e+308,0,647963.2353,20160810
20160810,IH1609,,,2159,2156,2158.8,5089,2159.2,2163,2155,204,132184500,5119,1.797693135e+308,1.797693135e+308,2371.6,1940.4,0,1.797693135e+308,10:29:12,0,2158.2,1,2159.2,1,1.797693135e+308,0,1.797693135e+308,0,1.797693135e+308,0,1.797693135e+308,0,1.797693135e+308,0,1.797693135e+308,0,1.797693135e+308,0,1.797693135e+308,0,647963.2353,20160810
20160810,IH1609,,,2159,2156,2158.8,5089,2159.2,2163,2155,204,132184500,5119,1.797693135e+308,1.797693135e+308,2371.6,1940.4,0,1.797693135e+308,10:29:13,0,2158.2,1,2159.2,1,1.797693135e+308,0,1.797693135e+308,0,1.797693135e+308,0,1.797693135e+308,0,1.797693135e+308,0,1.797693135e+308,0,1.797693135e+308,0,1.797693135e+308,0,647963.2353,20160810
20160810,IH1609,,,2159,2156,2158.8,5089,2159.2,2163,2155,204,132184500,5119,1.797693135e+308,1.797693135e+308,2371.6,1940.4,0,1.797693135e+308,10:29:35,500,2157.2,1,2159.2,1,1.797693135e+308,0,1.797693135e+308,0,1.797693135e+308,0,1.797693135e+308,0,1.797693135e+308,0,1.797693135e+308,0,1.797693135e+308,0,1.797693135e+308,0,647963.2353,20160810
20160810,IH1609,,,2159,2156,2158.8,5089,2159.2,2163,2155,204,132184500,5119,1.797693135e+308,1.797693135e+308,2371.6,1940.4,0,1.797693135e+308,10:29:36,0,2157.4,2,2159.2,1,1.797693135e+308,0,1.797693135e+308,0,1.797693135e+308,0,1.797693135e+308,0,1.797693135e+308,0,1.797693135e+308,0,1.797693135e+308,0,1.797693135e+308,0,647963.2353,20160810
20160810,IH1609,,,2159,2156,2158.8,5089,2159.2,2163,2155,204,132184500,5119,1.797693135e+308,1.797693135e+308,2371.6,1940.4,0,1.797693135e+308,10:29:36,500,2157.6,1,2159.2,1,1.797693135e+308,0,1.797693135e+308,0,1.797693135e+308,0,1.797693135e+308,0,1.797693135e+308,0,1.797693135e+308,0,1.797693135e+308,0,1.797693135e+308,0,647963.2353,20160810
20160810,IH1609,,,2159,2156,2158.8,5089,2159.2,2163,2155,204,132184500,5119,1.797693135e+308,1.797693135e+308,2371.6,1940.4,0,1.797693135e+308,10:29:37,500,2157.8,1,2159.2,1,1.797693135e+308,0,1.797693135e+308,0,1.797693135e+308,0,1.797693135e+308,0,1.797693135e+308,0,1.797693135e+308,0,1.797693135e+308,0,1.797693135e+308,0,647963.2353,20160810
20160810,IH1609,,,2159,2156,2158.8,5089,2159.2,2163,2155,204,132184500,5119,1.797693135e+308,1.797693135e+308,2371.6,1940.4,0,1.797693135e+308,10:29:38,0,2157.8,2,2159.2,1,1.797693135e+308,0,1.797693135e+308,0,1.797693135e+308,0,1.797693135e+308,0,1.797693135e+308,0,1.797693135e+308,0,1.797693135e+308,0,1.797693135e+308,0,647963.2353,20160810
20160810,IH1609,,,2159.2,2156,2158.8,5089,2159.2,2163,2155,205,132832260,5120,1.797693135e+308,1.797693135e+308,2371.6,1940.4,0,1.797693135e+308,10:29:41,500,2157.8,2,2160.2,1,1.797693135e+308,0,1.797693135e+308,0,1.797693135e+308,0,1.797693135e+308,0,1.797693135e+308,0,1.797693135e+308,0,1.797693135e+308,0,1.797693135e+308,0,647962.2439,20160810
20160810,IH1609,,,2159.2,2156,2158.8,5089,2159.2,2163,2155,205,132832260,5120,1.797693135e+308,1.797693135e+308,2371.6,1940.4,0,1.797693135e+308,10:29:42,0,2158,1,2160.2,1,1.797693135e+308,0,1.797693135e+308,0,1.797693135e+308,0,1.797693135e+308,0,1.797693135e+308,0,1.797693135e+308,0,1.797693135e+308,0,1.797693135e+308,0,647962.2439,20160810
20160810,IH1609,,,2159.2,2156,2158.8,5089,2159.2,2163,2155,205,132832260,5120,1.797693135e+308,1.797693135e+308,2371.6,1940.4,0,1.797693135e+308,10:29:42,500,2158,2,2160.2,1,1.797693135e+308,0,1.797693135e+308,0,1.797693135e+308,0,1.797693135e+308,0,1.797693135e+308,0,1.797693135e+308,0,1.797693135e+308,0,1.797693135e+308,0,647962.2439,20160810
20160810,IH1609,,,2159.2,2156,2158.8,5089,2159.2,2163,2155,205,132832260,5120,1.797693135e+308,1.797693135e+308,2371.6,1940.4,0,1.797693135e+308,10:29:43,500,2158.2,1,2160.2,1,1.797693135e+308,0,1.797693135e+308,0,1.797693135e+308,0,1.797693135e+308,0,1.797693135e+308,0,1.797693135e+308,0,1.797693135e+308,0,1.797693135e+308,0,647962.2439,20160810
20160810,IH1609,,,2159.2,2156,2158.8,5089,2159.2,2163,2155,205,132832260,5120,1.797693135e+308,1.797693135e+308,2371.6,1940.4,0,1.797693135e+308,10:29:44,0,2158.4,2,2160.2,1,1.797693135e+308,0,1.797693135e+308,0,1.797693135e+308,0,1.797693135e+308,0,1.797693135e+308,0,1.797693135e+308,0,1.797693135e+308,0,1.797693135e+308,0,647962.2439,20160810
20160810,IH1609,,,2159.2,2156,2158.8,5089,2159.2,2163,2155,205,132832260,5120,1.797693135e+308,1.797693135e+308,2371.6,1940.4,0,1.797693135e+308,10:29:45,500,2158.6,1,2160,1,1.797693135e+308,0,1.797693135e+308,0,1.797693135e+308,0,1.797693135e+308,0,1.797693135e+308,0,1.797693135e+308,0,1.797693135e+308,0,1.797693135e+308,0,647962.2439,20160810
20160810,IH1609,,,2159.2,2156,2158.8,5089,2159.2,2163,2155,205,132832260,5120,1.797693135e+308,1.797693135e+308,2371.6,1940.4,0,1.797693135e+308,10:29:47,0,2158.4,2,2160,1,1.797693135e+308,0,1.797693135e+308,0,1.797693135e+308,0,1.797693135e+308,0,1.797693135e+308,0,1.797693135e+308,0,1.797693135e+308,0,1.797693135e+308,0,647962.2439,20160810
20160810,IH1609,,,2159.2,2156,2158.8,5089,2159.2,2163,2155,205,132832260,5120,1.797693135e+308,1.797693135e+308,2371.6,1940.4,0,1.797693135e+308,10:29:48,500,2158.4,2,2160.2,1,1.797693135e+308,0,1.797693135e+308,0,1.797693135e+308,0,1.797693135e+308,0,1.797693135e+308,0,1.797693135e+308,0,1.797693135e+308,0,1.797693135e+308,0,647962.2439,20160810
20160810,IH1609,,,2159.2,2156,2158.8,5089,2159.2,2163,2155,205,132832260,5120,1.797693135e+308,1.797693135e+308,2371.6,1940.4,0,1.797693135e+308,10:29:49,500,2158.4,2,2160,1,1.797693135e+308,0,1.797693135e+308,0,1.797693135e+308,0,1.797693135e+308,0,1.797693135e+308,0,1.797693135e+308,0,1.797693135e+308,0,1.797693135e+308,0,647962.2439,20160810
20160810,IH1609,,,2159.2,2156,2158.8,5089,2159.2,2163,2155,205,132832260,5120,1.797693135e+308,1.797693135e+308,2371.6,1940.4,0,1.797693135e+308,10:30:08,500,2158.4,2,2159.8,1,1.797693135e+308,0,1.797693135e+308,0,1.797693135e+308,0,1.797693135e+308,0,1.797693135e+308,0,1.797693135e+308,0,1.797693135e+308,0,1.797693135e+308,0,647962.2439,20160810
20160810,IH1609,,,2159.2,2156,2158.8,5089,2159.2,2163,2155,205,132832260,5120,1.797693135e+308,1.797693135e+308,2371.6,1940.4,0,1.797693135e+308,10:30:09,0,2158.4,2,2159.8,1,1.797693135e+308,0,1.797693135e+308,0,1.797693135e+308,0,1.797693135e+308,0,1.797693135e+308,0,1.797693135e+308,0,1.797693135e+308,0,1.797693135e+308,0,647962.2439,20160810
20160810,IH1609,,,2159.2,2156,2158.8,5089,2159.2,2163,2155,205,132832260,5120,1.797693135e+308,1.797693135e+308,2371.6,1940.4,0,1.797693135e+308,10:30:17,500,2159,3,2159.8,1,1.797693135e+308,0,1.797693135e+308,0,1.797693135e+308,0,1.797693135e+308,0,1.797693135e+308,0,1.797693135e+308,0,1.797693135e+308,0,1.797693135e+308,0,647962.2439,20160810
20160810,IH1609,,,2159.2,2156,2158.8,5089,2159.2,2163,2155,205,132832260,5120,1.797693135e+308,1.797693135e+308,2371.6,1940.4,0,1.797693135e+308,10:30:29,0,2159,3,2159.8,2,1.797693135e+308,0,1.797693135e+308,0,1.797693135e+308,0,1.797693135e+308,0,1.797693135e+308,0,1.797693135e+308,0,1.797693135e+308,0,1.797693135e+308,0,647962.2439,20160810
20160810,IH1609,,,2159.2,2156,2158.8,5089,2159.2,2163,2155,205,132832260,5120,1.797693135e+308,1.797693135e+308,2371.6,1940.4,0,1.797693135e+308,10:30:31,0,2159,3,2159.8,2,1.797693135e+308,0,1.797693135e+308,0,1.797693135e+308,0,1.797693135e+308,0,1.797693135e+308,0,1.797693135e+308,0,1.797693135e+308,0,1.797693135e+308,0,647962.2439,20160810
20160810,IH1609,,,2159.2,2156,2158.8,5089,2159.2,2163,2155,205,132832260,5120,1.797693135e+308,1.797693135e+308,2371.6,1940.4,0,1.797693135e+308,10:30:37,500,2159,3,2159.8,2,1.797693135e+308,0,1.797693135e+308,0,1.797693135e+308,0,1.797693135e+308,0,1.797693135e+308,0,1.797693135e+308,0,1.797693135e+308,0,1.797693135e+308,0,647962.2439,20160810
20160810,IH1609,,,2159.8,2156,2158.8,5089,2159.2,2163,2155,206,133480200,5120,1.797693135e+308,1.797693135e+308,2371.6,1940.4,0,1.797693135e+308,10:30:47,0,2159.2,1,2159.8,1,1.797693135e+308,0,1.797693135e+308,0,1.797693135e+308,0,1.797693135e+308,0,1.797693135e+308,0,1.797693135e+308,0,1.797693135e+308,0,1.797693135e+308,0,647962.1359,20160810
20160810,IH1609,,,2159,2156,2158.8,5089,2159.2,2163,2155,212,137366220,5124,1.797693135e+308,1.797693135e+308,2371.6,1940.4,0,1.797693135e+308,10:33:41,500,2158.2,1,2159.6,1,1.797693135e+308,0,1.797693135e+308,0,1.797693135e+308,0,1.797693135e+308,0,1.797693135e+308,0,1.797693135e+308,0,1.797693135e+308,0,1.797693135e+308,0,647953.8679,20160810
20160810,IH1609,,,2159.4,2156,2158.8,5089,2159.2,2163,2155,213,138014040,5123,1.797693135e+308,1.797693135e+308,2371.6,1940.4,0,1.797693135e+308,10:34:28,0,2157.8,1,2159.6,1,1.797693135e+308,0,1.797693135e+308,0,1.797693135e+308,0,1.797693135e+308,0,1.797693135e+308,0,1.797693135e+308,0,1.797693135e+308,0,1.797693135e+308,0,647953.2394,20160810
20160810,IH1609,,,2159.4,2156,2158.8,5089,2159.2,2163,2155,213,138014040,5123,1.797693135e+308,1.797693135e+308,2371.6,1940.4,0,1.797693135e+308,10:34:32,500,2157.8,1,2159.6,4,1.797693135e+308,0,1.797693135e+308,0,1.797693135e+308,0,1.797693135e+308,0,1.797693135e+308,0,1.797693135e+308,0,1.797693135e+308,0,1.797693135e+308,0,647953.2394,20160810
20160810,IH1609,,,2158.2,2156,2158.8,5089,2159.2,2163,2155,237,153552780,5116,,,2371.6,1940.4,0,,10:45:47,0,2158,4,2159.2,1,1.797693135e+308,0,1.797693135e+308,0,1.797693135e+308,0,1.797693135e+308,0,1.797693135e+308,0,1.797693135e+308,0,1.797693135e+308,0,1.797693135e+308,0,647902.0253,20160810
20160810,IH1609,,,2158.2,2156,2158.8,5089,2159.2,2163,2155,237,153552780,5116,,,2371.6,1940.4,0,,10:45:55,500,2158,4,2159.2,1,1.797693135e+308,0,1.797693135e+308,0,1.797693135e+308,0,1.797693135e+308,0,1.797693135e+308,0,1.797693135e+308,0,1.797693135e+308,0,1.797693135e+308,0,647902.0253,20160810
20160810,IH1609,,,2158.2,2156,2158.8,5089,2159.2,2163,2155,237,153552780,5116,,,2371.6,1940.4,0,,10:46:01,500,2158,4,2159,1,1.797693135e+308,0,1.797693135e+308,0,1.797693135e+308,0,1.797693135e+308,0,1.797693135e+308,0,1.797693135e+308,0,1.797693135e+308,0,1.797693135e+308,0,647902.0253,20160810
20160810,IH1609,,,2158.2,2156,2158.8,5089,2159.2,2163,2155,237,153552780,5116,,,2371.6,1940.4,0,,10:46:02,500,2158,4,2159,1,1.797693135e+308,0,1.797693135e+308,0,1.797693135e+308,0,1.797693135e+308,0,1.797693135e+308,0,1.797693135e+308,0,1.797693135e+308,0,1.797693135e+308,0,647902.0253,20160810
20160810,IH1609,,,2158.2,2156,2158.8,5089,2159.2,2163,2155,237,153552780,5116,,,2371.6,1940.4,0,,10:46:15,500,2158,4,2158.8,1,1.797693135e+308,0,1.797693135e+308,0,1.797693135e+308,0,1.797693135e+308,0,1.797693135e+308,0,1.797693135e+308,0,1.797693135e+308,0,1.797693135e+308,0,647902.0253,20160810
20160810,IH1609,,,2158.2,2156,2158.8,5089,2159.2,2163,2155,237,153552780,5116,,,2371.6,1940.4,0,,10:46:16,500,2158,4,2158.8,1,1.797693135e+308,0,1.797693135e+308,0,1.797693135e+308,0,1.797693135e+308,0,1.797693135e+308,0,1.797693135e+308,0,1.797693135e+308,0,1.797693135e+308,0,647902.0253,20160810
20160810,IH1609,,,2163.2,2156,2158.8,5089,2159.2,2164.2,2155,317,205434720,5109,,,2371.6,1940.4,0,,10:59:16,500,2162.6,2,2163.8,1,,0,,0,,0,,0,,0,,0,,0,,0,648059.0536,20160810
20160810,IH1609,,,2163.2,2156,2158.8,5089,2159.2,2164.2,2155,317,205434720,5109,,,2371.6,1940.4,0,,10:59:29,500,2162.6,2,2163.8,1,,0,,0,,0,,0,,0,,0,,0,,0,648059.0536,20160810
20160810,IH1609,,,2163.2,2156,2158.8,5089,2159.2,2164.2,2155,317,205434720,5109,,,2371.6,1940.4,0,,10:59:30,0,2162.8,1,2163.8,1,,0,,0,,0,,0,,0,,0,,0,,0,648059.0536,20160810
20160810,IH1609,,,2163.2,2156,2158.8,5089,2159.2,2164.2,2155,317,205434720,5109,,,2371.6,1940.4,0,,10:59:30,500,2162.6,2,2163.8,1,,0,,0,,0,,0,,0,,0,,0,,0,648059.0536,20160810
20160810,IH1609,,,2163.8,2156,2158.8,5089,2159.2,2164.2,2155,318,206083860,5110,,,2371.6,1940.4,0,,10:59:38,0,2163.8,1,2164,2,,0,,0,,0,,0,,0,,0,,0,,0,648062.4528,20160810
20160810,IH1609,,,2163.8,2156,2158.8,5089,2159.2,2164.2,2155,319,206733000,5111,,,2371.6,1940.4,0,,10:59:54,0,2162.6,2,2164,2,,0,,0,,0,,0,,0,,0,,0,,0,648065.8307,20160810
20160810,IH1609,,,2163.8,2156,2158.8,5089,2159.2,2164.2,2155,319,206733000,5111,,,2371.6,1940.4,0,,10:59:54,500,2162.6,2,2163.8,2,,0,,0,,0,,0,,0,,0,,0,,0,648065.8307,20160810
20160810,IH1609,,,2163.8,2156,2158.8,5089,2159.2,2164.2,2155,319,206733000,5111,,,2371.6,1940.4,0,,10:59:56,500,2162.6,2,2163.8,1,,0,,0,,0,,0,,0,,0,,0,,0,648065.8307,20160810
20160810,IH1609,,,2163.8,2156,2158.8,5089,2159.2,2164.2,2155,319,206733000,5111,,,2371.6,1940.4,0,,11:00:13,0,2162.6,2,2163.6,1,,0,,0,,0,,0,,0,,0,,0,,0,648065.8307,20160810
20160810,IH1609,,,2163.6,2156,2158.8,5089,2159.2,2164.2,2155,320,207382080,5111,,,2371.6,1940.4,0,,11:00:17,0,2162.6,2,2163.8,1,,0,,0,,0,,0,,0,,0,,0,,0,648069,20160810
20160810,IH1609,,,2163.6,2156,2158.8,5089,2159.2,2164.2,2155,320,207382080,5111,,,2371.6,1940.4,0,,11:00:17,500,2162.6,2,2163.6,1,,0,,0,,0,,0,,0,,0,,0,,0,648069,20160810
20160810,IH1609,,,2163.6,2156,2158.8,5089,2159.2,2164.2,2155,320,207382080,5111,,,2371.6,1940.4,0,,11:00:21,500,2162.6,2,2163.6,1,,0,,0,,0,,0,,0,,0,,0,,0,648069,20160810
20160810,IH1609,,,2162.6,2156,2158.8,5089,2159.2,2164.2,2155,321,208030860,5112,,,2371.6,1940.4,0,,11:00:22,500,2162.6,1,2163.6,1,,0,,0,,0,,0,,0,,0,,0,,0,648071.215,20160810
20160810,IH1609,,,2162.6,2156,2158.8,5089,2159.2,2164.2,2155,322,208679640,5112,,,2371.6,1940.4,0,,11:00:30,500,2162.2,1,2163.6,1,,0,,0,,0,,0,,0,,0,,0,,0,648073.4161,20160810
20160810,IH1609,,,2162.6,2156,2158.8,5089,2159.2,2164.2,2155,322,208679640,5112,,,2371.6,1940.4,0,,11:00:33,500,2162.2,1,2163.4,1,,0,,0,,0,,0,,0,,0,,0,,0,648073.4161,20160810
20160810,IH1609,,,2162.6,2156,2158.8,5089,2159.2,2164.2,2155,322,208679640,5112,,,2371.6,1940.4,0,,11:00:34,500,2162.2,1,2163.4,1,,0,,0,,0,,0,,0,,0,,0,,0,648073.4161,20160810
20160810,IH1609,,,2162.6,2156,2158.8,5089,2159.2,2164.2,2155,322,208679640,5112,,,2371.6,1940.4,0,,11:01:05,500,2162.2,1,2163.4,2,,0,,0,,0,,0,,0,,0,,0,,0,648073.4161,20160810
20160810,IH1609,,,2162.6,2156,2158.8,5089,2159.2,2164.2,2155,322,208679640,5112,,,2371.6,1940.4,0,,11:01:06,0,2162.2,1,2163.4,1,,0,,0,,0,,0,,0,,0,,0,,0,648073.4161,20160810
20160810,IH1609,,,2162.6,2156,2158.8,5089,2159.2,2164.2,2155,322,208679640,5112,,,2371.6,1940.4,0,,11:01:06,500,2162.2,1,2163.2,1,,0,,0,,0,,0,,0,,0,,0,,0,648073.4161,20160810
20160810,IH1609,,,2162.6,2156,2158.8,5089,2159.2,2164.2,2155,322,208679640,5112,,,2371.6,1940.4,0,,11:01:07,0,2162.2,1,2163.2,1,,0,,0,,0,,0,,0,,0,,0,,0,648073.4161,20160810
20160810,IH1609,,,2162.6,2156,2158.8,5089,2159.2,2164.2,2155,322,208679640,5112,,,2371.6,1940.4,0,,11:01:08,500,2162.2,1,2163.2,1,,0,,0,,0,,0,,0,,0,,0,,0,648073.4161,20160810
20160810,IH1609,,,2162.6,2156,2158.8,5089,2159.2,2164.2,2155,322,208679640,5112,,,2371.6,1940.4,0,,11:01:13,0,2162.2,1,2163.4,1,,0,,0,,0,,0,,0,,0,,0,,0,648073.4161,20160810
20160810,IH1609,,,2162.6,2156,2158.8,5089,2159.2,2164.2,2155,322,208679640,5112,,,2371.6,1940.4,0,,11:01:13,500,2162.2,1,2163.4,2,,0,,0,,0,,0,,0,,0,,0,,0,648073.4161,20160810
20160810,IH1609,,,2162.6,2156,2158.8,5089,2159.2,2164.2,2155,322,208679640,5112,,,2371.6,1940.4,0,,11:01:28,500,2162.2,1,2163.2,1,,0,,0,,0,,0,,0,,0,,0,,0,648073.4161,20160810
20160810,IH1609,,,2162.6,2156,2158.8,5089,2159.2,2164.2,2155,322,208679640,5112,,,2371.6,1940.4,0,,11:01:39,500,2162.2,1,2163,1,,0,,0,,0,,0,,0,,0,,0,,0,648073.4161,20160810
20160810,IH1609,,,2162.6,2156,2158.8,5089,2159.2,2164.2,2155,322,208679640,5112,,,2371.6,1940.4,0,,11:01:46,0,2162.2,1,2163.2,1,,0,,0,,0,,0,,0,,0,,0,,0,648073.4161,20160810
20160810,IH1609,,,2162.6,2156,2158.8,5089,2159.2,2164.2,2155,322,208679640,5112,,,2371.6,1940.4,0,,11:01:46,500,2162.2,1,2163.2,1,,0,,0,,0,,0,,0,,0,,0,,0,648073.4161,20160810
20160810,IH1609,,,2162.6,2156,2158.8,5089,2159.2,2164.2,2155,322,208679640,5112,,,2371.6,1940.4,0,,11:01:47,0,2162.2,1,2163.2,2,,0,,0,,0,,0,,0,,0,,0,,0,648073.4161,20160810
20160810,IH1609,,,2162.6,2156,2158.8,5089,2159.2,2164.2,2155,322,208679640,5112,,,2371.6,1940.4,0,,11:01:49,0,2162.2,1,2163,1,,0,,0,,0,,0,,0,,0,,0,,0,648073.4161,20160810
20160810,IH1609,,,2162.6,2156,2158.8,5089,2159.2,2164.2,2155,322,208679640,5112,,,2371.6,1940.4,0,,11:01:50,0,2162.2,2,2163,1,,0,,0,,0,,0,,0,,0,,0,,0,648073.4161,20160810
20160810,IH1609,,,2162.6,2156,2158.8,5089,2159.2,2164.2,2155,322,208679640,5112,,,2371.6,1940.4,0,,11:01:53,500,2162.2,2,2163,1,,0,,0,,0,,0,,0,,0,,0,,0,648073.4161,20160810
20160810,IH1609,,,2162.6,2156,2158.8,5089,2159.2,2164.2,2155,322,208679640,5112,,,2371.6,1940.4,0,,11:01:56,500,2162.2,2,2162.8,1,,0,,0,,0,,0,,0,,0,,0,,0,648073.4161,20160810
20160810,IH1609,,,2162.6,2156,2158.8,5089,2159.2,2164.2,2155,322,208679640,5112,,,2371.6,1940.4,0,,11:01:57,0,2162.2,1,2162.8,1,,0,,0,,0,,0,,0,,0,,0,,0,648073.4161,20160810
20160810,IH1609,,,2162.6,2156,2158.8,5089,2159.2,2164.2,2155,322,208679640,5112,,,2371.6,1940.4,0,,11:01:57,500,2162.2,1,2162.8,1,,0,,0,,0,,0,,0,,0,,0,,0,648073.4161,20160810
20160810,IH1609,,,2162.6,2156,2158.8,5089,2159.2,2164.2,2155,322,208679640,5112,,,2371.6,1940.4,0,,11:02:00,500,2162.2,1,2163,1,,0,,0,,0,,0,,0,,0,,0,,0,648073.4161,20160810
20160810,IH1609,,,2162.6,2156,2158.8,5089,2159.2,2164.2,2155,322,208679640,5112,,,2371.6,1940.4,0,,11:02:07,0,2162.2,1,2163,1,,0,,0,,0,,0,,0,,0,,0,,0,648073.4161,20160810
20160810,IH1609,,,2162.6,2156,2158.8,5089,2159.2,2164.2,2155,322,208679640,5112,,,2371.6,1940.4,0,,11:02:07,500,2162.2,1,2163,2,,0,,0,,0,,0,,0,,0,,0,,0,648073.4161,20160810
20160810,IH1609,,,2162.6,2156,2158.8,5089,2159.2,2164.2,2155,322,208679640,5112,,,2371.6,1940.4,0,,11:02:08,0,2162.2,1,2163,1,,0,,0,,0,,0,,0,,0,,0,,0,648073.4161,20160810
20160810,IH1609,,,2162.6,2156,2158.8,5089,2159.2,2164.2,2155,322,208679640,5112,,,2371.6,1940.4,0,,11:02:21,0,2162.2,1,2162.8,1,,0,,0,,0,,0,,0,,0,,0,,0,648073.4161,20160810
20160810,IH1609,,,2162.6,2156,2158.8,5089,2159.2,2164.2,2155,322,208679640,5112,,,2371.6,1940.4,0,,11:02:21,500,2162.2,1,2162.8,2,,0,,0,,0,,0,,0,,0,,0,,0,648073.4161,20160810
20160810,IH1609,,,2162.6,2156,2158.8,5089,2159.2,2164.2,2155,322,208679640,5112,,,2371.6,1940.4,0,,11:02:22,0,2162.2,1,2162.8,1,,0,,0,,0,,0,,0,,0,,0,,0,648073.4161,20160810
20160810,IH1609,,,2162.6,2156,2158.8,5089,2159.2,2164.2,2155,322,208679640,5112,,,2371.6,1940.4,0,,11:02:22,500,2162.2,1,2163.2,1,,0,,0,,0,,0,,0,,0,,0,,0,648073.4161,20160810
20160810,IH1609,,,2162.6,2156,2158.8,5089,2159.2,2164.2,2155,322,208679640,5112,,,2371.6,1940.4,0,,11:02:23,0,2162.2,1,2163,1,,0,,0,,0,,0,,0,,0,,0,,0,648073.4161,20160810
20160810,IH1609,,,2162.6,2156,2158.8,5089,2159.2,2164.2,2155,322,208679640,5112,,,2371.6,1940.4,0,,11:02:23,500,2162.2,1,2163.2,1,,0,,0,,0,,0,,0,,0,,0,,0,648073.4161,20160810
20160810,IH1609,,,2162.6,2156,2158.8,5089,2159.2,2164.2,2155,322,208679640,5112,,,2371.6,1940.4,0,,11:02:24,0,2162.2,1,2163,1,,0,,0,,0,,0,,0,,0,,0,,0,648073.4161,20160810
20160810,IH1609,,,2162.6,2156,2158.8,5089,2159.2,2164.2,2155,322,208679640,5112,,,2371.6,1940.4,0,,11:02:28,500,2162.2,1,2162.8,2,,0,,0,,0,,0,,0,,0,,0,,0,648073.4161,20160810
20160810,IH1609,,,2162.6,2156,2158.8,5089,2159.2,2164.2,2155,322,208679640,5112,,,2371.6,1940.4,0,,11:02:29,0,2162.2,1,2162.8,2,,0,,0,,0,,0,,0,,0,,0,,0,648073.4161,20160810
20160810,IH1609,,,2162.6,2156,2158.8,5089,2159.2,2164.2,2155,322,208679640,5112,,,2371.6,1940.4,0,,11:02:29,500,2162.2,1,2162.8,3,,0,,0,,0,,0,,0,,0,,0,,0,648073.4161,20160810
20160810,IH1609,,,2162.6,2156,2158.8,5089,2159.2,2164.2,2155,322,208679640,5112,,,2371.6,1940.4,0,,11:02:32,0,2162.2,1,2162.6,1,,0,,0,,0,,0,,0,,0,,0,,0,648073.4161,20160810
20160810,IH1609,,,2162.6,2156,2158.8,5089,2159.2,2164.2,2155,322,208679640,5112,,,2371.6,1940.4,0,,11:02:34,0,2162.2,1,2162.6,1,,0,,0,,0,,0,,0,,0,,0,,0,648073.4161,20160810
20160810,IH1609,,,2162.2,2156,2158.8,5089,2159.2,2164.2,2155,323,209328300,5113,,,2371.6,1940.4,0,,11:02:41,0,2160.4,1,2162.6,1,,0,,0,,0,,0,,0,,0,,0,,0,648075.2322,20160810
20160810,IH1609,,,2162.2,2156,2158.8,5089,2159.2,2164.2,2155,323,209328300,5113,,,2371.6,1940.4,0,,11:02:41,500,2160.6,1,2162.4,2,,0,,0,,0,,0,,0,,0,,0,,0,648075.2322,20160810
20160810,IH1609,,,2162.2,2156,2158.8,5089,2159.2,2164.2,2155,323,209328300,5113,,,2371.6,1940.4,0,,11:03:26,0,2160.6,1,2162.2,1,,0,,0,,0,,0,,0,,0,,0,,0,648075.2322,20160810
20160810,IH1609,,,2162.2,2156,2158.8,5089,2159.2,2164.2,2155,323,209328300,5113,,,2371.6,1940.4,0,,11:03:33,500,2160.6,1,2162.4,2,,0,,0,,0,,0,,0,,0,,0,,0,648075.2322,20160810
20160810,IH1609,,,2162.2,2156,2158.8,5089,2159.2,2164.2,2155,323,209328300,5113,,,2371.6,1940.4,0,,11:03:34,0,2160.6,1,2162.4,3,,0,,0,,0,,0,,0,,0,,0,,0,648075.2322,20160810
20160810,IH1609,,,2162.2,2156,2158.8,5089,2159.2,2164.2,2155,323,209328300,5113,,,2371.6,1940.4,0,,11:03:35,500,2160.6,1,2162.2,1,,0,,0,,0,,0,,0,,0,,0,,0,648075.2322,20160810
20160810,IH1609,,,2162.2,2156,2158.8,5089,2159.2,2164.2,2155,323,209328300,5113,,,2371.6,1940.4,0,,11:03:48,500,2160.6,2,2162.2,1,,0,,0,,0,,0,,0,,0,,0,,0,648075.2322,20160810
20160810,IH1609,,,2162.2,2156,2158.8,5089,2159.2,2164.2,2155,323,209328300,5113,,,2371.6,1940.4,0,,11:03:49,500,2160.6,2,2162,1,,0,,0,,0,,0,,0,,0,,0,,0,648075.2322,20160810
20160810,IH1609,,,2162.2,2156,2158.8,5089,2159.2,2164.2,2155,323,209328300,5113,,,2371.6,1940.4,0,,11:03:51,500,2160.8,1,2162,1,,0,,0,,0,,0,,0,,0,,0,,0,648075.2322,20160810
20160810,IH1609,,,2162.2,2156,2158.8,5089,2159.2,2164.2,2155,323,209328300,5113,,,2371.6,1940.4,0,,11:04:10,500,2160.8,1,2162,1,,0,,0,,0,,0,,0,,0,,0,,0,648075.2322,20160810
20160810,IH1609,,,2162.2,2156,2158.8,5089,2159.2,2164.2,2155,323,209328300,5113,,,2371.6,1940.4,0,,11:04:47,0,2160.8,1,2161,1,,0,,0,,0,,0,,0,,0,,0,,0,648075.2322,20160810
20160810,IH1609,,,2161,2156,2158.8,5089,2159.2,2164.2,2155,324,209976600,5114,,,2371.6,1940.4,0,,11:04:47,500,2160.8,1,2162,1,,0,,0,,0,,0,,0,,0,,0,,0,648075.9259,20160810
20160810,IH1609,,,2161,2156,2158.8,5089,2159.2,2164.2,2155,324,209976600,5114,,,2371.6,1940.4,0,,11:04:52,500,2160.8,1,2161.8,1,,0,,0,,0,,0,,0,,0,,0,,0,648075.9259,20160810
20160810,IH1609,,,2161,2156,2158.8,5089,2159.2,2164.2,2155,324,209976600,5114,,,2371.6,1940.4,0,,11:04:53,0,2160.8,1,2161.8,2,,0,,0,,0,,0,,0,,0,,0,,0,648075.9259,20160810
20160810,IH1609,,,2161,2156,2158.8,5089,2159.2,2164.2,2155,324,209976600,5114,,,2371.6,1940.4,0,,11:04:53,500,2160.8,1,2161.8,1,,0,,0,,0,,0,,0,,0,,0,,0,648075.9259,20160810
20160810,IH1609,,,2161,2156,2158.8,5089,2159.2,2164.2,2155,324,209976600,5114,,,2371.6,1940.4,0,,11:04:58,500,2160.8,1,2161.6,1,,0,,0,,0,,0,,0,,0,,0,,0,648075.9259,20160810
20160810,IH1609,,,2161,2156,2158.8,5089,2159.2,2164.2,2155,324,209976600,5114,,,2371.6,1940.4,0,,11:05:00,0,2160.8,1,2161.8,1,,0,,0,,0,,0,,0,,0,,0,,0,648075.9259,20160810
20160810,IH1609,,,2161,2156,2158.8,5089,2159.2,2164.2,2155,324,209976600,5114,,,2371.6,1940.4,0,,11:05:03,500,2160.8,1,2161.6,1,,0,,0,,0,,0,,0,,0,,0,,0,648075.9259,20160810
20160810,IH1609,,,2161,2156,2158.8,5089,2159.2,2164.2,2155,324,209976600,5114,,,2371.6,1940.4,0,,11:05:04,0,2160.8,1,2161.8,1,,0,,0,,0,,0,,0,,0,,0,,0,648075.9259,20160810
20160810,IH1609,,,2161,2156,2158.8,5089,2159.2,2164.2,2155,324,209976600,5114,,,2371.6,1940.4,0,,11:05:04,500,2160.8,1,2161.6,1,,0,,0,,0,,0,,0,,0,,0,,0,648075.9259,20160810
20160810,IH1609,,,2160.8,2156,2158.8,5089,2159.2,2164.2,2155,325,210624840,5114,,,2371.6,1940.4,0,,11:05:05,0,2160.6,1,2161.6,2,,0,,0,,0,,0,,0,,0,,0,,0,648076.4308,20160810
20160810,IH1609,,,2160.8,2156,2158.8,5089,2159.2,2164.2,2155,325,210624840,5114,,,2371.6,1940.4,0,,11:05:05,500,2160.6,1,2160.8,1,,0,,0,,0,,0,,0,,0,,0,,0,648076.4308,20160810
20160810,IH1609,,,2160.8,2156,2158.8,5089,2159.2,2164.2,2155,325,210624840,5114,,,2371.6,1940.4,0,,11:05:06,0,2160.6,1,2161.6,1,,0,,0,,0,,0,,0,,0,,0,,0,648076.4308,20160810
20160810,IH1609,,,2160.8,2156,2158.8,5089,2159.2,2164.2,2155,325,210624840,5114,,,2371.6,1940.4,0,,11:05:08,0,2160.6,1,2161.4,1,,0,,0,,0,,0,,0,,0,,0,,0,648076.4308,20160810
20160810,IH1609,,,2160.8,2156,2158.8,5089,2159.2,2164.2,2155,325,210624840,5114,,,2371.6,1940.4,0,,11:05:08,500,2160.6,1,2161.4,1,,0,,0,,0,,0,,0,,0,,0,,0,648076.4308,20160810
20160810,IH1609,,,2160.8,2156,2158.8,5089,2159.2,2164.2,2155,325,210624840,5114,,,2371.6,1940.4,0,,11:05:11,500,2160.6,1,2161.8,1,,0,,0,,0,,0,,0,,0,,0,,0,648076.4308,20160810
20160810,IH1609,,,2160.8,2156,2158.8,5089,2159.2,2164.2,2155,325,210624840,5114,,,2371.6,1940.4,0,,11:05:12,500,2160.6,1,2161.6,1,,0,,0,,0,,0,,0,,0,,0,,0,648076.4308,20160810
20160810,IH1609,,,2160.8,2156,2158.8,5089,2159.2,2164.2,2155,325,210624840,5114,,,2371.6,1940.4,0,,11:05:14,500,2160.6,1,2161,1,,0,,0,,0,,0,,0,,0,,0,,0,648076.4308,20160810
20160810,IH1609,,,2160.8,2156,2158.8,5089,2159.2,2164.2,2155,325,210624840,5114,,,2371.6,1940.4,0,,11:05:15,0,2160.6,1,2161.6,1,,0,,0,,0,,0,,0,,0,,0,,0,648076.4308,20160810
20160810,IH1609,,,2160.8,2156,2158.8,5089,2159.2,2164.2,2155,325,210624840,5114,,,2371.6,1940.4,0,,11:05:20,0,2160.6,1,2161.4,1,,0,,0,,0,,0,,0,,0,,0,,0,648076.4308,20160810
20160810,IH1609,,,2160.8,2156,2158.8,5089,2159.2,2164.2,2155,325,210624840,5114,,,2371.6,1940.4,0,,11:05:20,500,2160.6,1,2161.4,1,,0,,0,,0,,0,,0,,0,,0,,0,648076.4308,20160810
20160810,IH1609,,,2160.8,2156,2158.8,5089,2159.2,2164.2,2155,325,210624840,5114,,,2371.6,1940.4,0,,11:05:23,0,2160.6,1,2161.4,1,,0,,0,,0,,0,,0,,0,,0,,0,648076.4308,20160810
20160810,IH1609,,,2160.8,2156,2158.8,5089,2159.2,2164.2,2155,325,210624840,5114,,,2371.6,1940.4,0,,11:05:23,500,2160.6,1,2161.4,1,,0,,0,,0,,0,,0,,0,,0,,0,648076.4308,20160810
20160810,IH1609,,,2160.8,2156,2158.8,5089,2159.2,2164.2,2155,325,210624840,5114,,,2371.6,1940.4,0,,11:05:29,500,2160.6,1,2161.4,2,,0,,0,,0,,0,,0,,0,,0,,0,648076.4308,20160810
20160810,IH1609,,,2160.8,2156,2158.8,5089,2159.2,2164.2,2155,325,210624840,5114,,,2371.6,1940.4,0,,11:05:43,500,2160.6,1,2161,1,,0,,0,,0,,0,,0,,0,,0,,0,648076.4308,20160810
20160810,IH1609,,,2160.8,2156,2158.8,5089,2159.2,2164.2,2155,325,210624840,5114,,,2371.6,1940.4,0,,11:05:44,0,2160.6,1,2161.4,2,,0,,0,,0,,0,,0,,0,,0,,0,648076.4308,20160810
20160810,IH1609,,,2160.8,2156,2158.8,5089,2159.2,2164.2,2155,325,210624840,5114,,,2371.6,1940.4,0,,11:05:45,500,2160.6,1,2161.2,1,,0,,0,,0,,0,,0,,0,,0,,0,648076.4308,20160810
20160810,IH1609,,,2160.8,2156,2158.8,5089,2159.2,2164.2,2155,325,210624840,5114,,,2371.6,1940.4,0,,11:05:48,500,2160.6,1,2161.4,2,,0,,0,,0,,0,,0,,0,,0,,0,648076.4308,20160810
20160810,IH1609,,,2160.8,2156,2158.8,5089,2159.2,2164.2,2155,325,210624840,5114,,,2371.6,1940.4,0,,11:06:09,0,2160.6,1,2161.4,1,,0,,0,,0,,0,,0,,0,,0,,0,648076.4308,20160810
20160810,IH1609,,,2160.8,2156,2158.8,5089,2159.2,2164.2,2155,325,210624840,5114,,,2371.6,1940.4,0,,11:06:14,500,2160.6,1,2161.4,2,,0,,0,,0,,0,,0,,0,,0,,0,648076.4308,20160810
20160810,IH1609,,,2160.8,2156,2158.8,5089,2159.2,2164.2,2155,325,210624840,5114,,,2371.6,1940.4,0,,11:06:22,0,2160.6,1,2161.4,1,,0,,0,,0,,0,,0,,0,,0,,0,648076.4308,20160810
20160810,IH1609,,,2160.8,2156,2158.8,5089,2159.2,2164.2,2155,325,210624840,5114,,,2371.6,1940.4,0,,11:06:23,0,2160.6,1,2161.4,1,,0,,0,,0,,0,,0,,0,,0,,0,648076.4308,20160810
20160810,IH1609,,,2160.8,2156,2158.8,5089,2159.2,2164.2,2155,325,210624840,5114,,,2371.6,1940.4,0,,11:06:28,0,2160.6,1,2161.2,1,,0,,0,,0,,0,,0,,0,,0,,0,648076.4308,20160810
20160810,IH1609,,,2161.2,2156,2158.8,5089,2159.2,2164.2,2155,326,211273200,5114,,,2371.6,1940.4,0,,11:06:42,0,2160.6,1,2161.4,1,,0,,0,,0,,0,,0,,0,,0,,0,648077.3006,20160810
20160810,IH1609,,,2161.2,2156,2158.8,5089,2159.2,2164.2,2155,326,211273200,5114,,,2371.6,1940.4,0,,11:06:44,0,2160.8,1,2161.4,1,,0,,0,,0,,0,,0,,0,,0,,0,648077.3006,20160810
20160810,IH1609,,,2161.4,2156,2158.8,5089,2159.2,2164.2,2155,327,211921620,5115,,,2371.6,1940.4,0,,11:06:46,500,2160.8,1,2162,1,,0,,0,,0,,0,,0,,0,,0,,0,648078.3486,20160810
20160810,IH1609,,,2161.4,2156,2158.8,5089,2159.2,2164.2,2155,327,211921620,5115,,,2371.6,1940.4,0,,11:07:24,0,2160.6,1,2161.8,1,,0,,0,,0,,0,,0,,0,,0,,0,648078.3486,20160810
20160810,IH1609,,,2161.4,2156,2158.8,5089,2159.2,2164.2,2155,327,211921620,5115,,,2371.6,1940.4,0,,11:08:10,500,2160.6,1,2161.8,1,,0,,0,,0,,0,,0,,0,,0,,0,648078.3486,20160810
20160810,IH1609,,,2161.4,2156,2158.8,5089,2159.2,2164.2,2155,327,211921620,5115,,,2371.6,1940.4,0,,11:08:19,500,2160.6,1,2161.6,1,,0,,0,,0,,0,,0,,0,,0,,0,648078.3486,20160810
20160810,IH1609,,,2161.4,2156,2158.8,5089,2159.2,2164.2,2155,327,211921620,5115,,,2371.6,1940.4,0,,11:08:29,0,2160.6,1,2161.4,2,,0,,0,,0,,0,,0,,0,,0,,0,648078.3486,20160810
20160810,IH1609,,,2161.4,2156,2158.8,5089,2159.2,2164.2,2155,328,212570040,5116,,,2371.6,1940.4,0,,11:08:31,0,2160.6,1,2161.4,1,,0,,0,,0,,0,,0,,0,,0,,0,648079.3902,20160810
20160810,IH1609,,,2161.4,2156,2158.8,5089,2159.2,2164.2,2155,328,212570040,5116,,,2371.6,1940.4,0,,11:08:34,0,2160.6,1,2161.2,1,,0,,0,,0,,0,,0,,0,,0,,0,648079.3902,20160810
20160810,IH1609,,,2160.6,2156,2158.8,5089,2159.2,2164.2,2155,329,213218220,5117,,,2371.6,1940.4,0,,11:08:37,500,2160.4,1,2161.2,1,,0,,0,,0,,0,,0,,0,,0,,0,648079.696,20160810
20160810,IH1609,,,2160.6,2156,2158.8,5089,2159.2,2164.2,2155,329,213218220,5117,,,2371.6,1940.4,0,,11:08:54,0,2160.4,1,2161.4,1,,0,,0,,0,,0,,0,,0,,0,,0,648079.696,20160810
20160810,IH1609,,,2160.6,2156,2158.8,5089,2159.2,2164.2,2155,329,213218220,5117,,,2371.6,1940.4,0,,11:08:56,0,2160.4,1,2161.4,2,,0,,0,,0,,0,,0,,0,,0,,0,648079.696,20160810
20160810,IH1609,,,2160.6,2156,2158.8,5089,2159.2,2164.2,2155,329,213218220,5117,,,2371.6,1940.4,0,,11:09:16,500,2160.4,1,2161.4,1,,0,,0,,0,,0,,0,,0,,0,,0,648079.696,20160810
20160810,IH1609,,,2160.6,2156,2158.8,5089,2159.2,2164.2,2155,329,213218220,5117,,,2371.6,1940.4,0,,11:09:18,500,2160.4,1,2161.2,1,,0,,0,,0,,0,,0,,0,,0,,0,648079.696,20160810
20160810,IH1609,,,2160.6,2156,2158.8,5089,2159.2,2164.2,2155,329,213218220,5117,,,2371.6,1940.4,0,,11:09:21,0,2160.4,1,2161.2,1,,0,,0,,0,,0,,0,,0,,0,,0,648079.696,20160810
20160810,IH1609,,,2160.6,2156,2158.8,5089,2159.2,2164.2,2155,329,213218220,5117,,,2371.6,1940.4,0,,11:09:33,0,2160.4,1,2161,1,,0,,0,,0,,0,,0,,0,,0,,0,648079.696,20160810
20160810,IH1609,,,2160.6,2156,2158.8,5089,2159.2,2164.2,2155,329,213218220,5117,,,2371.6,1940.4,0,,11:09:57,500,2160.4,2,2161,1,,0,,0,,0,,0,,0,,0,,0,,0,648079.696,20160810
20160810,IH1609,,,2161,2156,2158.8,5089,2159.2,2164.2,2155,330,213866520,5117,,,2371.6,1940.4,0,,11:10:14,0,2160.4,2,2161.2,1,,0,,0,,0,,0,,0,,0,,0,,0,648080.3636,20160810
20160810,IH1609,,,2161,2156,2158.8,5089,2159.2,2164.2,2155,330,213866520,5117,,,2371.6,1940.4,0,,11:10:23,0,2160.4,2,2161.2,1,,0,,0,,0,,0,,0,,0,,0,,0,648080.3636,20160810
20160810,IH1609,,,2160.4,2156,2158.8,5089,2159.2,2164.2,2155,331,214514640,5118,,,2371.6,1940.4,0,,11:10:31,500,2160.4,1,2161.2,1,,0,,0,,0,,0,,0,,0,,0,,0,648080.4834,20160810
20160810,IH1609,,,2160.4,2156,2158.8,5089,2159.2,2164.2,2155,331,214514640,5118,,,2371.6,1940.4,0,,11:10:32,500,2160.4,1,2161.2,1,,0,,0,,0,,0,,0,,0,,0,,0,648080.4834,20160810
20160810,IH1609,,,2160.4,2156,2158.8,5089,2159.2,2164.2,2155,331,214514640,5118,,,2371.6,1940.4,0,,11:10:48,0,2160.4,1,2161.2,1,,0,,0,,0,,0,,0,,0,,0,,0,648080.4834,20160810
20160810,IH1609,,,2160.4,2156,2158.8,5089,2159.2,2164.2,2155,331,214514640,5118,,,2371.6,1940.4,0,,11:10:50,0,2160.4,1,2161,1,,0,,0,,0,,0,,0,,0,,0,,0,648080.4834,20160810
20160810,IH1609,,,2160.4,2156,2158.8,5089,2159.2,2164.2,2155,331,214514640,5118,,,2371.6,1940.4,0,,11:10:56,0,2160.4,1,2161,1,,0,,0,,0,,0,,0,,0,,0,,0,648080.4834,20160810
20160810,IH1609,,,2160.4,2156,2158.8,5089,2159.2,2164.2,2155,331,214514640,5118,,,2371.6,1940.4,0,,11:11:00,500,2160.4,1,2161,1,,0,,0,,0,,0,,0,,0,,0,,0,648080.4834,20160810
20160810,IH1609,,,2160.4,2156,2158.8,5089,2159.2,2164.2,2155,331,214514640,5118,,,2371.6,1940.4,0,,11:11:37,0,2160.4,1,2161,1,,0,,0,,0,,0,,0,,0,,0,,0,648080.4834,20160810
20160810,IH1609,,,2160.4,2156,2158.8,5089,2159.2,2164.2,2155,331,214514640,5118,,,2371.6,1940.4,0,,11:11:37,500,2160.4,1,2161,1,,0,,0,,0,,0,,0,,0,,0,,0,648080.4834,20160810
20160810,IH1609,,,2160.4,2156,2158.8,5089,2159.2,2164.2,2155,331,214514640,5118,,,2371.6,1940.4,0,,11:11:38,500,2160.4,1,2161,1,,0,,0,,0,,0,,0,,0,,0,,0,648080.4834,20160810
20160810,IH1609,,,2160.4,2156,2158.8,5089,2159.2,2164.2,2155,332,215162760,5118,,,2371.6,1940.4,0,,11:11:58,500,2159.6,1,2161,1,,0,,0,,0,,0,,0,,0,,0,,0,648080.6024,20160810
20160810,IH1609,,,2160.4,2156,2158.8,5089,2159.2,2164.2,2155,332,215162760,5118,,,2371.6,1940.4,0,,11:11:59,500,2160.2,1,2161,1,,0,,0,,0,,0,,0,,0,,0,,0,648080.6024,20160810
20160810,IH1609,,,2160.4,2156,2158.8,5089,2159.2,2164.2,2155,332,215162760,5118,,,2371.6,1940.4,0,,11:12:56,0,2160.2,2,2161,1,,0,,0,,0,,0,,0,,0,,0,,0,648080.6024,20160810
20160810,IH1609,,,2160.4,2156,2158.8,5089,2159.2,2164.2,2155,332,215162760,5118,,,2371.6,1940.4,0,,11:14:00,0,2160.2,1,2161,1,,0,,0,,0,,0,,0,,0,,0,,0,648080.6024,20160810
20160810,IH1609,,,2160.4,2156,2158.8,5089,2159.2,2164.2,2155,332,215162760,5118,,,2371.6,1940.4,0,,11:14:25,0,2160.2,1,2161,1,,0,,0,,0,,0,,0,,0,,0,,0,648080.6024,20160810
20160810,IH1609,,,2160.4,2156,2158.8,5089,2159.2,2164.2,2155,332,215162760,5118,,,2371.6,1940.4,0,,11:14:30,0,2160.2,1,2161,1,,0,,0,,0,,0,,0,,0,,0,,0,648080.6024,20160810
20160810,IH1609,,,2160.4,2156,2158.8,5089,2159.2,2164.2,2155,332,215162760,5118,,,2371.6,1940.4,0,,11:14:35,0,2160.4,1,2161,1,,0,,0,,0,,0,,0,,0,,0,,0,648080.6024,20160810
20160810,IH1609,,,2160.4,2156,2158.8,5089,2159.2,2164.2,2155,332,215162760,5118,,,2371.6,1940.4,0,,11:14:37,500,2160.4,1,2160.8,1,,0,,0,,0,,0,,0,,0,,0,,0,648080.6024,20160810
20160810,IH1609,,,2160.4,2156,2158.8,5089,2159.2,2164.2,2155,332,215162760,5118,,,2371.6,1940.4,0,,11:14:40,0,2160.2,1,2160.8,1,,0,,0,,0,,0,,0,,0,,0,,0,648080.6024,20160810
20160810,IH1609,,,2160.6,2156,2158.8,5089,2159.2,2164.2,2155,333,215810940,5117,,,2371.6,1940.4,0,,11:14:41,500,2160.2,1,2160.8,1,,0,,0,,0,,0,,0,,0,,0,,0,648080.9009,20160810
20160810,IH1609,,,2160.6,2156,2158.8,5089,2159.2,2164.2,2155,333,215810940,5117,,,2371.6,1940.4,0,,11:15:23,0,2160.2,1,2160.8,2,,0,,0,,0,,0,,0,,0,,0,,0,648080.9009,20160810
20160810,IH1609,,,2160.2,2156,2158.8,5089,2159.2,2164.2,2155,334,216459000,5118,,,2371.6,1940.4,0,,11:15:37,500,2159.6,1,2160.8,2,,0,,0,,0,,0,,0,,0,,0,,0,648080.8383,20160810
20160810,IH1609,,,2160.2,2156,2158.8,5089,2159.2,2164.2,2155,334,216459000,5118,,,2371.6,1940.4,0,,11:15:38,0,2159.6,1,2160.8,3,,0,,0,,0,,0,,0,,0,,0,,0,648080.8383,20160810
20160810,IH1609,,,2160.2,2156,2158.8,5089,2159.2,2164.2,2155,334,216459000,5118,,,2371.6,1940.4,0,,11:15:44,500,2159.6,1,2160.8,3,,0,,0,,0,,0,,0,,0,,0,,0,648080.8383,20160810
20160810,IH1609,,,2160.2,2156,2158.8,5089,2159.2,2164.2,2155,334,216459000,5118,,,2371.6,1940.4,0,,11:15:46,500,2159.6,1,2160.6,1,,0,,0,,0,,0,,0,,0,,0,,0,648080.8383,20160810
20160810,IH1609,,,2160.2,2156,2158.8,5089,2159.2,2164.2,2155,334,216459000,5118,,,2371.6,1940.4,0,,11:15:51,500,2159.6,1,2160.4,1,,0,,0,,0,,0,,0,,0,,0,,0,648080.8383,20160810
20160810,IH1609,,,2160.2,2156,2158.8,5089,2159.2,2164.2,2155,334,216459000,5118,,,2371.6,1940.4,0,,11:15:52,0,2159.6,1,2160.2,1,,0,,0,,0,,0,,0,,0,,0,,0,648080.8383,20160810
20160810,IH1609,,,2160.2,2156,2158.8,5089,2159.2,2164.2,2155,334,216459000,5118,,,2371.6,1940.4,0,,11:15:52,500,2159.6,1,2160.2,1,,0,,0,,0,,0,,0,,0,,0,,0,648080.8383,20160810
20160810,IH1609,,,2160.2,2156,2158.8,5089,2159.2,2164.2,2155,334,216459000,5118,,,2371.6,1940.4,0,,11:15:53,0,2159.6,1,2160.2,2,,0,,0,,0,,0,,0,,0,,0,,0,648080.8383,20160810
20160810,IH1609,,,2160.2,2156,2158.8,5089,2159.2,2164.2,2155,334,216459000,5118,,,2371.6,1940.4,0,,11:16:03,0,2159.6,1,2160.2,3,,0,,0,,0,,0,,0,,0,,0,,0,648080.8383,20160810
20160810,IH1609,,,2159.6,2156,2158.8,5089,2159.2,2164.2,2155,335,217106880,5119,,,2371.6,1940.4,0,,11:16:03,500,2158.4,1,2160.2,3,,0,,0,,0,,0,,0,,0,,0,,0,648080.2388,20160810
20160810,IH1609,,,2159.6,2156,2158.8,5089,2159.2,2164.2,2155,335,217106880,5119,,,2371.6,1940.4,0,,11:16:04,0,2158.4,2,2160,1,,0,,0,,0,,0,,0,,0,,0,,0,648080.2388,20160810
20160810,IH1609,,,2159.6,2156,2158.8,5089,2159.2,2164.2,2155,335,217106880,5119,,,2371.6,1940.4,0,,11:16:04,500,2159,1,2160,1,,0,,0,,0,,0,,0,,0,,0,,0,648080.2388,20160810
20160810,IH1609,,,2159.6,2156,2158.8,5089,2159.2,2164.2,2155,335,217106880,5119,,,2371.6,1940.4,0,,11:16:05,0,2159,1,2160,1,,0,,0,,0,,0,,0,,0,,0,,0,648080.2388,20160810
20160810,IH1609,,,2159.6,2156,2158.8,5089,2159.2,2164.2,2155,335,217106880,5119,,,2371.6,1940.4,0,,11:16:06,0,2159,1,2159.8,1,,0,,0,,0,,0,,0,,0,,0,,0,648080.2388,20160810
20160810,IH1609,,,2159.6,2156,2158.8,5089,2159.2,2164.2,2155,335,217106880,5119,,,2371.6,1940.4,0,,11:16:08,0,2159,1,2159.8,2,,0,,0,,0,,0,,0,,0,,0,,0,648080.2388,20160810
20160810,IH1609,,,2159.6,2156,2158.8,5089,2159.2,2164.2,2155,335,217106880,5119,,,2371.6,1940.4,0,,11:16:13,0,2158.4,2,2159.8,2,,0,,0,,0,,0,,0,,0,,0,,0,648080.2388,20160810
20160810,IH1609,,,2159.6,2156,2158.8,5089,2159.2,2164.2,2155,335,217106880,5119,,,2371.6,1940.4,0,,11:16:14,0,2158.8,1,2159.8,2,,0,,0,,0,,0,,0,,0,,0,,0,648080.2388,20160810
20160810,IH1609,,,2159.6,2156,2158.8,5089,2159.2,2164.2,2155,335,217106880,5119,,,2371.6,1940.4,0,,11:16:15,0,2158.8,1,2159.8,2,,0,,0,,0,,0,,0,,0,,0,,0,648080.2388,20160810
20160810,IH1609,,,2159.6,2156,2158.8,5089,2159.2,2164.2,2155,335,217106880,5119,,,2371.6,1940.4,0,,11:16:17,0,2158.8,1,2159.8,2,,0,,0,,0,,0,,0,,0,,0,,0,648080.2388,20160810
20160810,IH1609,,,2159.6,2156,2158.8,5089,2159.2,2164.2,2155,335,217106880,5119,,,2371.6,1940.4,0,,11:16:17,500,2158.8,1,2159.8,3,,0,,0,,0,,0,,0,,0,,0,,0,648080.2388,20160810
20160810,IH1609,,,2159.6,2156,2158.8,5089,2159.2,2164.2,2155,335,217106880,5119,,,2371.6,1940.4,0,,11:16:20,0,2158.8,1,2159.8,3,,0,,0,,0,,0,,0,,0,,0,,0,648080.2388,20160810
20160810,IH1609,,,2159.6,2156,2158.8,5089,2159.2,2164.2,2155,335,217106880,5119,,,2371.6,1940.4,0,,11:16:24,500,2158.4,1,2159.8,3,,0,,0,,0,,0,,0,,0,,0,,0,648080.2388,20160810
20160810,IH1609,,,2159.6,2156,2158.8,5089,2159.2,2164.2,2155,335,217106880,5119,,,2371.6,1940.4,0,,11:16:25,500,2158.6,1,2159.8,3,,0,,0,,0,,0,,0,,0,,0,,0,648080.2388,20160810
20160810,IH1609,,,2159.6,2156,2158.8,5089,2159.2,2164.2,2155,335,217106880,5119,,,2371.6,1940.4,0,,11:16:32,500,2158.6,1,2159.8,3,,0,,0,,0,,0,,0,,0,,0,,0,648080.2388,20160810
20160810,IH1609,,,2159.6,2156,2158.8,5089,2159.2,2164.2,2155,335,217106880,5119,,,2371.6,1940.4,0,,11:16:33,0,2158.2,2,2159.8,4,,0,,0,,0,,0,,0,,0,,0,,0,648080.2388,20160810
20160810,IH1609,,,2159.6,2156,2158.8,5089,2159.2,2164.2,2155,335,217106880,5119,,,2371.6,1940.4,0,,11:16:43,0,2158.2,2,2159.8,5,,0,,0,,0,,0,,0,,0,,0,,0,648080.2388,20160810
20160810,IH1609,,,2159.6,2156,2158.8,5089,2159.2,2164.2,2155,335,217106880,5119,,,2371.6,1940.4,0,,11:16:48,500,2158.2,2,2159.6,1,,0,,0,,0,,0,,0,,0,,0,,0,648080.2388,20160810
20160810,IH1609,,,2159.6,2156,2158.8,5089,2159.2,2164.2,2155,335,217106880,5119,,,2371.6,1940.4,0,,11:16:49,500,2158.2,2,2159.6,1,,0,,0,,0,,0,,0,,0,,0,,0,648080.2388,20160810
20160810,IH1609,,,2159.6,2156,2158.8,5089,2159.2,2164.2,2155,335,217106880,5119,,,2371.6,1940.4,0,,11:16:57,500,2158.2,2,2159.6,2,,0,,0,,0,,0,,0,,0,,0,,0,648080.2388,20160810
20160810,IH1609,,,2159.6,2156,2158.8,5089,2159.2,2164.2,2155,335,217106880,5119,,,2371.6,1940.4,0,,11:17:06,0,2158.2,2,2159.6,1,,0,,0,,0,,0,,0,,0,,0,,0,648080.2388,20160810
20160810,IH1609,,,2159.6,2156,2158.8,5089,2159.2,2164.2,2155,335,217106880,5119,,,2371.6,1940.4,0,,11:17:12,500,2158.6,1,2159.6,1,,0,,0,,0,,0,,0,,0,,0,,0,648080.2388,20160810
20160810,IH1609,,,2159.6,2156,2158.8,5089,2159.2,2164.2,2155,335,217106880,5119,,,2371.6,1940.4,0,,11:17:13,0,2158.2,2,2159.6,1,,0,,0,,0,,0,,0,,0,,0,,0,648080.2388,20160810
20160810,IH1609,,,2159.6,2156,2158.8,5089,2159.2,2164.2,2155,335,217106880,5119,,,2371.6,1940.4,0,,11:17:13,500,2158.2,2,2159.6,2,,0,,0,,0,,0,,0,,0,,0,,0,648080.2388,20160810
20160810,IH1609,,,2159.6,2156,2158.8,5089,2159.2,2164.2,2155,335,217106880,5119,,,2371.6,1940.4,0,,11:17:23,500,2158.2,2,2159.6,3,,0,,0,,0,,0,,0,,0,,0,,0,648080.2388,20160810
20160810,IH1609,,,2159.6,2156,2158.8,5089,2159.2,2164.2,2155,335,217106880,5119,,,2371.6,1940.4,0,,11:17:25,500,2158.2,2,2159.4,1,,0,,0,,0,,0,,0,,0,,0,,0,648080.2388,20160810
20160810,IH1609,,,2159.6,2156,2158.8,5089,2159.2,2164.2,2155,335,217106880,5119,,,2371.6,1940.4,0,,11:17:28,0,2158.2,2,2159.4,2,,0,,0,,0,,0,,0,,0,,0,,0,648080.2388,20160810
20160810,IH1609,,,2159.6,2156,2158.8,5089,2159.2,2164.2,2155,335,217106880,5119,,,2371.6,1940.4,0,,11:17:37,500,2158.2,2,2159.4,3,,0,,0,,0,,0,,0,,0,,0,,0,648080.2388,20160810
20160810,IH1609,,,2159.6,2156,2158.8,5089,2159.2,2164.2,2155,335,217106880,5119,,,2371.6,1940.4,0,,11:17:40,500,2158.2,3,2159.4,3,,0,,0,,0,,0,,0,,0,,0,,0,648080.2388,20160810
20160810,IH1609,,,2159.6,2156,2158.8,5089,2159.2,2164.2,2155,335,217106880,5119,,,2371.6,1940.4,0,,11:17:42,0,2158.2,3,2159,1,,0,,0,,0,,0,,0,,0,,0,,0,648080.2388,20160810
20160810,IH1609,,,2159.6,2156,2158.8,5089,2159.2,2164.2,2155,335,217106880,5119,,,2371.6,1940.4,0,,11:17:49,500,2158.2,3,2159,1,,0,,0,,0,,0,,0,,0,,0,,0,648080.2388,20160810
20160810,IH1609,,,2159.6,2156,2158.8,5089,2159.2,2164.2,2155,335,217106880,5119,,,2371.6,1940.4,0,,11:17:53,500,2158.2,3,2159,2,,0,,0,,0,,0,,0,,0,,0,,0,648080.2388,20160810
20160810,IH1609,,,2159,2156,2158.8,5089,2159.2,2164.2,2155,337,218402280,5121,,,2371.6,1940.4,0,,11:17:55,0,2158.2,3,2159.4,3,,0,,0,,0,,0,,0,,0,,0,,0,648077.9822,20160810
20160810,IH1609,,,2159,2156,2158.8,5089,2159.2,2164.2,2155,337,218402280,5121,,,2371.6,1940.4,0,,11:17:56,0,2158.2,4,2159.4,3,,0,,0,,0,,0,,0,,0,,0,,0,648077.9822,20160810
20160810,IH1609,,,2159,2156,2158.8,5089,2159.2,2164.2,2155,337,218402280,5121,,,2371.6,1940.4,0,,11:18:03,500,2158.2,4,2159.4,4,,0,,0,,0,,0,,0,,0,,0,,0,648077.9822,20160810
20160810,IH1609,,,2159,2156,2158.8,5089,2159.2,2164.2,2155,337,218402280,5121,,,2371.6,1940.4,0,,11:18:05,500,2158.4,1,2159.4,4,,0,,0,,0,,0,,0,,0,,0,,0,648077.9822,20160810
20160810,IH1609,,,2159,2156,2158.8,5089,2159.2,2164.2,2155,337,218402280,5121,,,2371.6,1940.4,0,,11:18:06,0,2158.4,1,2159.4,4,,0,,0,,0,,0,,0,,0,,0,,0,648077.9822,20160810
20160810,IH1609,,,2159,2156,2158.8,5089,2159.2,2164.2,2155,337,218402280,5121,,,2371.6,1940.4,0,,11:18:06,500,2158.6,1,2159.4,4,,0,,0,,0,,0,,0,,0,,0,,0,648077.9822,20160810
20160810,IH1609,,,2159,2156,2158.8,5089,2159.2,2164.2,2155,337,218402280,5121,,,2371.6,1940.4,0,,11:18:07,500,2158.6,1,2159.4,4,,0,,0,,0,,0,,0,,0,,0,,0,648077.9822,20160810
20160810,IH1609,,,2159,2156,2158.8,5089,2159.2,2164.2,2155,337,218402280,5121,,,2371.6,1940.4,0,,11:18:10,0,2158.6,1,2159.4,4,,0,,0,,0,,0,,0,,0,,0,,0,648077.9822,20160810
20160810,IH1609,,,2158.6,2156,2158.8,5089,2159.2,2164.2,2155,338,219049860,5120,,,2371.6,1940.4,0,,11:18:11,0,2158.2,3,2159.4,4,,0,,0,,0,,0,,0,,0,,0,,0,648076.5089,20160810
20160810,IH1609,,,2158.6,2156,2158.8,5089,2159.2,2164.2,2155,338,219049860,5120,,,2371.6,1940.4,0,,11:18:12,0,2158.6,1,2159.4,4,,0,,0,,0,,0,,0,,0,,0,,0,648076.5089,20160810
20160810,IH1609,,,2158.6,2156,2158.8,5089,2159.2,2164.2,2155,338,219049860,5120,,,2371.6,1940.4,0,,11:18:12,500,2158.4,2,2159.4,4,,0,,0,,0,,0,,0,,0,,0,,0,648076.5089,20160810
20160810,IH1609,,,2158.6,2156,2158.8,5089,2159.2,2164.2,2155,338,219049860,5120,,,2371.6,1940.4,0,,11:18:13,0,2158.4,1,2159.4,4,,0,,0,,0,,0,,0,,0,,0,,0,648076.5089,20160810
20160810,IH1609,,,2158.6,2156,2158.8,5089,2159.2,2164.2,2155,338,219049860,5120,,,2371.6,1940.4,0,,11:18:13,500,2158.6,1,2159.4,4,,0,,0,,0,,0,,0,,0,,0,,0,648076.5089,20160810
20160810,IH1609,,,2158.6,2156,2158.8,5089,2159.2,2164.2,2155,338,219049860,5120,,,2371.6,1940.4,0,,11:18:24,0,2158.6,1,2159.4,3,,0,,0,,0,,0,,0,,0,,0,,0,648076.5089,20160810
20160810,IH1609,,,2158.6,2156,2158.8,5089,2159.2,2164.2,2155,338,219049860,5120,,,2371.6,1940.4,0,,11:18:25,0,2158.6,1,2159.4,3,,0,,0,,0,,0,,0,,0,,0,,0,648076.5089,20160810
20160810,IH1609,,,2158.6,2156,2158.8,5089,2159.2,2164.2,2155,338,219049860,5120,,,2371.6,1940.4,0,,11:18:26,0,2158.6,1,2159.4,3,,0,,0,,0,,0,,0,,0,,0,,0,648076.5089,20160810
20160810,IH1609,,,2158.6,2156,2158.8,5089,2159.2,2164.2,2155,338,219049860,5120,,,2371.6,1940.4,0,,11:18:29,500,2158.6,2,2159.4,3,,0,,0,,0,,0,,0,,0,,0,,0,648076.5089,20160810
20160810,IH1609,,,2158.6,2156,2158.8,5089,2159.2,2164.2,2155,338,219049860,5120,,,2371.6,1940.4,0,,11:18:30,0,2158.8,1,2159.4,3,,0,,0,,0,,0,,0,,0,,0,,0,648076.5089,20160810
20160810,IH1609,,,2158.6,2156,2158.8,5089,2159.2,2164.2,2155,338,219049860,5120,,,2371.6,1940.4,0,,11:18:30,500,2158.8,1,2159.4,3,,0,,0,,0,,0,,0,,0,,0,,0,648076.5089,20160810
20160810,IH1609,,,2158.6,2156,2158.8,5089,2159.2,2164.2,2155,338,219049860,5120,,,2371.6,1940.4,0,,11:18:31,0,2159,2,2159.4,3,,0,,0,,0,,0,,0,,0,,0,,0,648076.5089,20160810
20160810,IH1609,,,2158.6,2156,2158.8,5089,2159.2,2164.2,2155,338,219049860,5120,,,2371.6,1940.4,0,,11:18:31,500,2158.8,1,2159.4,3,,0,,0,,0,,0,,0,,0,,0,,0,648076.5089,20160810
20160810,IH1609,,,2158.6,2156,2158.8,5089,2159.2,2164.2,2155,338,219049860,5120,,,2371.6,1940.4,0,,11:18:35,500,2158.8,3,2159.4,3,,0,,0,,0,,0,,0,,0,,0,,0,648076.5089,20160810
20160810,IH1609,,,2158.6,2156,2158.8,5089,2159.2,2164.2,2155,338,219049860,5120,,,2371.6,1940.4,0,,11:18:37,0,2158.8,2,2159.4,3,,0,,0,,0,,0,,0,,0,,0,,0,648076.5089,20160810
20160810,IH1609,,,2158.6,2156,2158.8,5089,2159.2,2164.2,2155,338,219049860,5120,,,2371.6,1940.4,0,,11:18:46,500,2158.4,1,2159.4,3,,0,,0,,0,,0,,0,,0,,0,,0,648076.5089,20160810
20160810,IH1609,,,2158.6,2156,2158.8,5089,2159.2,2164.2,2155,338,219049860,5120,,,2371.6,1940.4,0,,11:18:47,500,2158.4,3,2159.4,3,,0,,0,,0,,0,,0,,0,,0,,0,648076.5089,20160810
20160810,IH1609,,,2158.6,2156,2158.8,5089,2159.2,2164.2,2155,338,219049860,5120,,,2371.6,1940.4,0,,11:19:01,0,2158.6,1,2159.4,3,,0,,0,,0,,0,,0,,0,,0,,0,648076.5089,20160810
20160810,IH1609,,,2158.6,2156,2158.8,5089,2159.2,2164.2,2155,338,219049860,5120,,,2371.6,1940.4,0,,11:19:01,500,2158.6,1,2159.4,3,,0,,0,,0,,0,,0,,0,,0,,0,648076.5089,20160810
20160810,IH1609,,,2159.4,2156,2158.8,5089,2159.2,2164.2,2155,339,219697680,5121,,,2371.6,1940.4,0,,11:19:02,500,2158.8,1,2159.4,2,,0,,0,,0,,0,,0,,0,,0,,0,648075.7522,20160810
20160810,IH1609,,,2159.4,2156,2158.8,5089,2159.2,2164.2,2155,339,219697680,5121,,,2371.6,1940.4,0,,11:19:03,0,2158.8,2,2159.4,2,,0,,0,,0,,0,,0,,0,,0,,0,648075.7522,20160810
20160810,IH1609,,,2159.4,2156,2158.8,5089,2159.2,2164.2,2155,339,219697680,5121,,,2371.6,1940.4,0,,11:19:03,500,2159.2,2,2159.4,2,,0,,0,,0,,0,,0,,0,,0,,0,648075.7522,20160810
20160810,IH1609,,,2159.4,2156,2158.8,5089,2159.2,2164.2,2155,339,219697680,5121,,,2371.6,1940.4,0,,11:19:04,500,2159.2,2,2159.4,2,,0,,0,,0,,0,,0,,0,,0,,0,648075.7522,20160810
20160810,IH1609,,,2159.4,2156,2158.8,5089,2159.2,2164.2,2155,339,219697680,5121,,,2371.6,1940.4,0,,11:19:06,0,2159.2,2,2159.4,2,,0,,0,,0,,0,,0,,0,,0,,0,648075.7522,20160810
20160810,IH1609,,,2159.2,2156,2158.8,5089,2159.2,2164.2,2155,340,220345440,5121,,,2371.6,1940.4,0,,11:19:11,500,2159.2,1,2159.4,2,,0,,0,,0,,0,,0,,0,,0,,0,648074.8235,20160810
20160810,IH1609,,,2159.2,2156,2158.8,5089,2159.2,2164.2,2155,340,220345440,5121,,,2371.6,1940.4,0,,11:19:13,500,2159.2,1,2159.4,2,,0,,0,,0,,0,,0,,0,,0,,0,648074.8235,20160810
20160810,IH1609,,,2159.2,2156,2158.8,5089,2159.2,2164.2,2155,340,220345440,5121,,,2371.6,1940.4,0,,11:19:15,0,2159.2,1,2159.4,2,,0,,0,,0,,0,,0,,0,,0,,0,648074.8235,20160810
20160810,IH1609,,,2159.4,2156,2158.8,5089,2159.2,2164.2,2155,341,220993260,5121,,,2371.6,1940.4,0,,11:19:18,500,2159.2,1,2159.4,1,,0,,0,,0,,0,,0,,0,,0,,0,648074.0762,20160810
20160810,IH1609,,,2159.4,2156,2158.8,5089,2159.2,2164.2,2155,341,220993260,5121,,,2371.6,1940.4,0,,11:19:21,0,2158.8,1,2159.4,1,,0,,0,,0,,0,,0,,0,,0,,0,648074.0762,20160810
20160810,IH1609,,,2159.4,2156,2158.8,5089,2159.2,2164.2,2155,341,220993260,5121,,,2371.6,1940.4,0,,11:19:21,500,2158.8,2,2159.4,1,,0,,0,,0,,0,,0,,0,,0,,0,648074.0762,20160810
20160810,IH1609,,,2159.4,2156,2158.8,5089,2159.2,2164.2,2155,342,221641080,5121,,,2371.6,1940.4,0,,11:19:22,0,2159,1,2160.8,1,,0,,0,,0,,0,,0,,0,,0,,0,648073.3333,20160810
20160810,IH1609,,,2159.4,2156,2158.8,5089,2159.2,2164.2,2155,342,221641080,5121,,,2371.6,1940.4,0,,11:19:22,500,2159.2,1,2160.8,1,,0,,0,,0,,0,,0,,0,,0,,0,648073.3333,20160810
20160810,IH1609,,,2159.4,2156,2158.8,5089,2159.2,2164.2,2155,342,221641080,5121,,,2371.6,1940.4,0,,11:19:23,0,2159.2,1,2160.8,1,,0,,0,,0,,0,,0,,0,,0,,0,648073.3333,20160810
20160810,IH1609,,,2159.4,2156,2158.8,5089,2159.2,2164.2,2155,342,221641080,5121,,,2371.6,1940.4,0,,11:19:30,500,2159.4,2,2160.8,1,,0,,0,,0,,0,,0,,0,,0,,0,648073.3333,20160810
20160810,IH1609,,,2159.4,2156,2158.8,5089,2159.2,2164.2,2155,342,221641080,5121,,,2371.6,1940.4,0,,11:19:31,0,2159.4,2,2160.8,1,,0,,0,,0,,0,,0,,0,,0,,0,648073.3333,20160810
20160810,IH1609,,,2159.4,2156,2158.8,5089,2159.2,2164.2,2155,342,221641080,5121,,,2371.6,1940.4,0,,11:19:43,500,2159.4,2,2160.8,1,,0,,0,,0,,0,,0,,0,,0,,0,648073.3333,20160810
20160810,IH1609,,,2159.4,2156,2158.8,5089,2159.2,2164.2,2155,342,221641080,5121,,,2371.6,1940.4,0,,11:19:47,500,2159.2,1,2160.8,1,,0,,0,,0,,0,,0,,0,,0,,0,648073.3333,20160810
20160810,IH1609,,,2159.4,2156,2158.8,5089,2159.2,2164.2,2155,342,221641080,5121,,,2371.6,1940.4,0,,11:19:48,0,2159.4,1,2160.8,1,,0,,0,,0,,0,,0,,0,,0,,0,648073.3333,20160810
20160810,IH1609,,,2159.4,2156,2158.8,5089,2159.2,2164.2,2155,342,221641080,5121,,,2371.6,1940.4,0,,11:19:50,500,2159.4,3,2160.8,1,,0,,0,,0,,0,,0,,0,,0,,0,648073.3333,20160810
20160810,IH1609,,,2159.4,2156,2158.8,5089,2159.2,2164.2,2155,342,221641080,5121,,,2371.6,1940.4,0,,11:19:53,500,2159.4,1,2160.8,1,,0,,0,,0,,0,,0,,0,,0,,0,648073.3333,20160810
20160810,IH1609,,,2159.4,2156,2158.8,5089,2159.2,2164.2,2155,342,221641080,5121,,,2371.6,1940.4,0,,11:19:54,0,2159.4,2,2160.8,1,,0,,0,,0,,0,,0,,0,,0,,0,648073.3333,20160810
20160810,IH1609,,,2159.4,2156,2158.8,5089,2159.2,2164.2,2155,342,221641080,5121,,,2371.6,1940.4,0,,11:19:57,500,2159.4,1,2160.8,1,,0,,0,,0,,0,,0,,0,,0,,0,648073.3333,20160810
20160810,IH1609,,,2159.4,2156,2158.8,5089,2159.2,2164.2,2155,342,221641080,5121,,,2371.6,1940.4,0,,11:20:32,0,2159.6,1,2160.8,1,,0,,0,,0,,0,,0,,0,,0,,0,648073.3333,20160810
20160810,IH1609,,,2159.4,2156,2158.8,5089,2159.2,2164.2,2155,342,221641080,5121,,,2371.6,1940.4,0,,11:20:34,0,2159.4,1,2160.8,1,,0,,0,,0,,0,,0,,0,,0,,0,648073.3333,20160810
20160810,IH1609,,,2159.4,2156,2158.8,5089,2159.2,2164.2,2155,342,221641080,5121,,,2371.6,1940.4,0,,11:20:35,0,2159.6,2,2160.8,1,,0,,0,,0,,0,,0,,0,,0,,0,648073.3333,20160810
20160810,IH1609,,,2159.4,2156,2158.8,5089,2159.2,2164.2,2155,342,221641080,5121,,,2371.6,1940.4,0,,11:20:35,500,2160.4,1,2160.8,1,,0,,0,,0,,0,,0,,0,,0,,0,648073.3333,20160810
20160810,IH1609,,,2159.4,2156,2158.8,5089,2159.2,2164.2,2155,342,221641080,5121,,,2371.6,1940.4,0,,11:20:36,0,2159.6,2,2160.8,1,,0,,0,,0,,0,,0,,0,,0,,0,648073.3333,20160810
20160810,IH1609,,,2159.4,2156,2158.8,5089,2159.2,2164.2,2155,342,221641080,5121,,,2371.6,1940.4,0,,11:20:50,500,2159.4,1,2160.8,1,,0,,0,,0,,0,,0,,0,,0,,0,648073.3333,20160810
20160810,IH1609,,,2159.4,2156,2158.8,5089,2159.2,2164.2,2155,342,221641080,5121,,,2371.6,1940.4,0,,11:21:35,0,2159.6,1,2160.8,1,,0,,0,,0,,0,,0,,0,,0,,0,648073.3333,20160810
20160810,IH1609,,,2159.4,2156,2158.8,5089,2159.2,2164.2,2155,342,221641080,5121,,,2371.6,1940.4,0,,11:21:35,500,2159.8,1,2160.8,1,,0,,0,,0,,0,,0,,0,,0,,0,648073.3333,20160810
20160810,IH1609,,,2159.4,2156,2158.8,5089,2159.2,2164.2,2155,342,221641080,5121,,,2371.6,1940.4,0,,11:22:14,500,2159.8,1,2160.6,1,,0,,0,,0,,0,,0,,0,,0,,0,648073.3333,20160810
