20160810,IH1612,,,2147.6,2146,2146,2252,2147,2152.8,2145.4,17,10958760,2252,1.797693135e+308,1.797693135e+308,2360.6,1931.4,0,1.797693135e+308,10:26:53,500,2146.8,1,2148.8,2,1.797693135e+308,0,1.797693135e+308,0,1.797693135e+308,0,1.797693135e+308,0,1.797693135e+308,0,1.797693135e+308,0,1.797693135e+308,0,1.797693135e+308,0,644632.9412,20160810
20160810,IH1612,,,2147.6,2146,2146,2252,2147,2152.8,2145.4,17,10958760,2252,1.797693135e+308,1.797693135e+308,2360.6,1931.4,0,1.797693135e+308,10:26:54,500,2147,1,2148.8,2,1.797693135e+308,0,1.797693135e+308,0,1.797693135e+308,0,1.797693135e+308,0,1.797693135e+308,0,1.797693135e+308,0,1.797693135e+308,0,1.797693135e+308,0,644632.9412,20160810
20160810,IH1612,,,2147.6,2146,2146,2252,2147,2152.8,2145.4,17,10958760,2252,1.797693135e+308,1.797693135e+308,2360.6,1931.4,0,1.797693135e+308,10:26:55,500,2147,2,2148.8,2,1.797693135e+308,0,1.797693135e+308,0,1.797693135e+308,0,1.797693135e+308,0,1.797693135e+308,0,1.797693135e+308,0,1.797693135e+308,0,1.797693135e+308,0,644632.9412,20160810
20160810,IH1612,,,2147.6,2146,2146,2252,2147,2152.8,2145.4,17,10958760,2252,1.797693135e+308,1.797693135e+308,2360.6,1931.4,0,1.797693135e+308,10:27:04,500,2146.8,1,2148.8,2,1.797693135e+308,0,1.797693135e+308,0,1.797693135e+308,0,1.797693135e+308,0,1.797693135e+308,0,1.797693135e+308,0,1.797693135e+308,0,1.797693135e+308,0,644632.9412,20160810
20160810,IH1612,,,2147.6,2146,2146,2252,2147,2152.8,2145.4,17,10958760,2252,1.797693135e+308,1.797693135e+308,2360.6,1931.4,0,1.797693135e+308,10:27:05,0,2146.8,1,2148.6,1,1.797693135e+308,0,1.797693135e+308,0,1.797693135e+308,0,1.797693135e+308,0,1.797693135e+308,0,1.797693135e+308,0,1.797693135e+308,0,1.797693135e+308,0,644632.9412,20160810
20160810,IH1612,,,2147.6,2146,2146,2252,2147,2152.8,2145.4,17,10958760,2252,1.797693135e+308,1.797693135e+308,2360.6,1931.4,0,1.797693135e+308,10:27:07,0,2146.8,1,2148.6,1,1.797693135e+308,0,1.797693135e+308,0,1.797693135e+308,0,1.797693135e+308,0,1.797693135e+308,0,1.797693135e+308,0,1.797693135e+308,0,1.797693135e+308,0,644632.9412,20160810
20160810,IH1612,,,2147.6,2146,2146,2252,2147,2152.8,2145.4,17,10958760,2252,1.797693135e+308,1.797693135e+308,2360.6,1931.4,0,1.797693135e+308,10:27:25,0,2146.8,1,2148.6,1,1.797693135e+308,0,1.797693135e+308,0,1.797693135e+308,0,1.797693135e+308,0,1.797693135e+308,0,1.797693135e+308,0,1.797693135e+308,0,1.797693135e+308,0,644632.9412,20160810
20160810,IH1612,,,2147.6,2146,2146,2252,2147,2152.8,2145.4,17,10958760,2252,1.797693135e+308,1.797693135e+308,2360.6,1931.4,0,1.797693135e+308,10:27:26,0,2146.8,1,2148.6,1,1.797693135e+308,0,1.797693135e+308,0,1.797693135e+308,0,1.797693135e+308,0,1.797693135e+308,0,1.797693135e+308,0,1.797693135e+308,0,1.797693135e+308,0,644632.9412,20160810
20160810,IH1612,,,2147.6,2146,2146,2252,2147,2152.8,2145.4,17,10958760,2252,1.797693135e+308,1.797693135e+308,2360.6,1931.4,0,1.797693135e+308,10:27:28,0,2146.8,1,2148.6,1,1.797693135e+308,0,1.797693135e+308,0,1.797693135e+308,0,1.797693135e+308,0,1.797693135e+308,0,1.797693135e+308,0,1.797693135e+308,0,1.797693135e+308,0,644632.9412,20160810
20160810,IH1612,,,2147.6,2146,2146,2252,2147,2152.8,2145.4,17,10958760,2252,1.797693135e+308,1.797693135e+308,2360.6,1931.4,0,1.797693135e+308,10:27:30,500,2146.8,1,2148.6,1,1.797693135e+308,0,1.797693135e+308,0,1.797693135e+308,0,1.797693135e+308,0,1.797693135e+308,0,1.797693135e+308,0,1.797693135e+308,0,1.797693135e+308,0,644632.9412,20160810
20160810,IH1612,,,2147.6,2146,2146,2252,2147,2152.8,2145.4,17,10958760,2252,1.797693135e+308,1.797693135e+308,2360.6,1931.4,0,1.797693135e+308,10:28:17,500,2147,1,2148.6,1,1.797693135e+308,0,1.797693135e+308,0,1.797693135e+308,0,1.797693135e+308,0,1.797693135e+308,0,1.797693135e+308,0,1.797693135e+308,0,1.797693135e+308,0,644632.9412,20160810
20160810,IH1612,,,2147.6,2146,2146,2252,2147,2152.8,2145.4,17,10958760,2252,1.797693135e+308,1.797693135e+308,2360.6,1931.4,0,1.797693135e+308,10:28:18,500,2147,1,2148.8,2,1.797693135e+308,0,1.797693135e+308,0,1.797693135e+308,0,1.797693135e+308,0,1.797693135e+308,0,1.797693135e+308,0,1.797693135e+308,0,1.797693135e+308,0,644632.9412,20160810
20160810,IH1612,,,2147.6,2146,2146,2252,2147,2152.8,2145.4,17,10958760,2252,1.797693135e+308,1.797693135e+308,2360.6,1931.4,0,1.797693135e+308,10:29:29,0,2147,1,2148.8,2,1.797693135e+308,0,1.797693135e+308,0,1.797693135e+308,0,1.797693135e+308,0,1.797693135e+308,0,1.797693135e+308,0,1.797693135e+308,0,1.797693135e+308,0,644632.9412,20160810
20160810,IH1612,,,2147.6,2146,2146,2252,2147,2152.8,2145.4,17,10958760,2252,1.797693135e+308,1.797693135e+308,2360.6,1931.4,0,1.797693135e+308,10:29:31,500,2147.2,1,2148.8,2,1.797693135e+308,0,1.797693135e+308,0,1.797693135e+308,0,1.797693135e+308,0,1.797693135e+308,0,1.797693135e+308,0,1.797693135e+308,0,1.797693135e+308,0,644632.9412,20160810
20160810,IH1612,,,2147.6,2146,2146,2252,2147,2152.8,2145.4,17,10958760,2252,1.797693135e+308,1.797693135e+308,2360.6,1931.4,0,1.797693135e+308,10:29:32,0,2147.2,1,2148.8,2,1.797693135e+308,0,1.797693135e+308,0,1.797693135e+308,0,1.797693135e+308,0,1.797693135e+308,0,1.797693135e+308,0,1.797693135e+308,0,1.797693135e+308,0,644632.9412,20160810
20160810,IH1612,,,2147.6,2146,2146,2252,2147,2152.8,2145.4,17,10958760,2252,1.797693135e+308,1.797693135e+308,2360.6,1931.4,0,1.797693135e+308,10:29:35,0,2147,1,2148.8,2,1.797693135e+308,0,1.797693135e+308,0,1.797693135e+308,0,1.797693135e+308,0,1.797693135e+308,0,1.797693135e+308,0,1.797693135e+308,0,1.797693135e+308,0,644632.9412,20160810
20160810,IH1612,,,2147.6,2146,2146,2252,2147,2152.8,2145.4,17,10958760,2252,1.797693135e+308,1.797693135e+308,2360.6,1931.4,0,1.797693135e+308,10:29:44,500,2147,2,2148.8,2,1.797693135e+308,0,1.797693135e+308,0,1.797693135e+308,0,1.797693135e+308,0,1.797693135e+308,0,1.797693135e+308,0,1.797693135e+308,0,1.797693135e+308,0,644632.9412,20160810
20160810,IH1612,,,2147.6,2146,2146,2252,2147,2152.8,2145.4,17,10958760,2252,1.797693135e+308,1.797693135e+308,2360.6,1931.4,0,1.797693135e+308,10:29:54,0,2147,2,2148.8,2,1.797693135e+308,0,1.797693135e+308,0,1.797693135e+308,0,1.797693135e+308,0,1.797693135e+308,0,1.797693135e+308,0,1.797693135e+308,0,1.797693135e+308,0,644632.9412,20160810
20160810,IH1612,,,2148.8,2146,2146,2252,2147,2152.8,2145.4,19,12248040,2254,1.797693135e+308,1.797693135e+308,2360.6,1931.4,0,1.797693135e+308,10:30:47,0,2147,2,2151,1,1.797693135e+308,0,1.797693135e+308,0,1.797693135e+308,0,1.797693135e+308,0,1.797693135e+308,0,1.797693135e+308,0,1.797693135e+308,0,1.797693135e+308,0,644633.6842,20160810
20160810,IH1612,,,2148.8,2146,2146,2252,2147,2152.8,2145.4,19,12248040,2254,1.797693135e+308,1.797693135e+308,2360.6,1931.4,0,1.797693135e+308,10:30:47,500,2147,2,2150.4,1,1.797693135e+308,0,1.797693135e+308,0,1.797693135e+308,0,1.797693135e+308,0,1.797693135e+308,0,1.797693135e+308,0,1.797693135e+308,0,1.797693135e+308,0,644633.6842,20160810
20160810,IH1612,,,2148.8,2146,2146,2252,2147,2152.8,2145.4,19,12248040,2254,1.797693135e+308,1.797693135e+308,2360.6,1931.4,0,1.797693135e+308,10:33:24,500,2147.2,2,2149.2,2,1.797693135e+308,0,1.797693135e+308,0,1.797693135e+308,0,1.797693135e+308,0,1.797693135e+308,0,1.797693135e+308,0,1.797693135e+308,0,1.797693135e+308,0,644633.6842,20160810
20160810,IH1612,,,2148.8,2146,2146,2252,2147,2152.8,2145.4,19,12248040,2254,1.797693135e+308,1.797693135e+308,2360.6,1931.4,0,1.797693135e+308,10:33:55,0,2147.2,2,2149,2,1.797693135e+308,0,1.797693135e+308,0,1.797693135e+308,0,1.797693135e+308,0,1.797693135e+308,0,1.797693135e+308,0,1.797693135e+308,0,1.797693135e+308,0,644633.6842,20160810
20160810,IH1612,,,2148.8,2146,2146,2252,2147,2152.8,2145.4,19,12248040,2254,1.797693135e+308,1.797693135e+308,2360.6,1931.4,0,1.797693135e+308,10:34:33,0,2147.2,2,2149,2,1.797693135e+308,0,1.797693135e+308,0,1.797693135e+308,0,1.797693135e+308,0,1.797693135e+308,0,1.797693135e+308,0,1.797693135e+308,0,1.797693135e+308,0,644633.6842,20160810
20160810,IH1612,,,2146.6,2146,2146,2252,2147,2152.8,2145.2,47,30278280,2249,,,2360.6,1931.4,0,,10:45:43,500,2146.2,1,2148.6,3,1.797693135e+308,0,1.797693135e+308,0,1.797693135e+308,0,1.797693135e+308,0,1.797693135e+308,0,1.797693135e+308,0,1.797693135e+308,0,1.797693135e+308,0,644218.7234,20160810
20160810,IH1612,,,2146.6,2146,2146,2252,2147,2152.8,2145.2,47,30278280,2249,,,2360.6,1931.4,0,,10:46:28,500,2146.2,1,2148.6,3,1.797693135e+308,0,1.797693135e+308,0,1.797693135e+308,0,1.797693135e+308,0,1.797693135e+308,0,1.797693135e+308,0,1.797693135e+308,0,1.797693135e+308,0,644218.7234,20160810
20160810,IH1612,,,2152,2146,2146,2252,2147,2152.8,2145.2,58,37374060,2252,,,2360.6,1931.4,0,,10:58:32,0,2151,3,2152.4,2,,0,,0,,0,,0,,0,,0,,0,,0,644380.3448,20160810
20160810,IH1612,,,2151,2146,2146,2252,2147,2152.8,2145.2,59,38019360,2251,,,2360.6,1931.4,0,,10:59:26,500,2151,2,2152.4,2,,0,,0,,0,,0,,0,,0,,0,,0,644395.9322,20160810
20160810,IH1612,,,2151,2146,2146,2252,2147,2152.8,2145.2,59,38019360,2251,,,2360.6,1931.4,0,,11:00:13,0,2151,2,2152.2,1,,0,,0,,0,,0,,0,,0,,0,,0,644395.9322,20160810
20160810,IH1612,,,2151,2146,2146,2252,2147,2152.8,2145.2,59,38019360,2251,,,2360.6,1931.4,0,,11:00:59,0,2151,2,2152.2,1,,0,,0,,0,,0,,0,,0,,0,,0,644395.9322,20160810
20160810,IH1612,,,2151,2146,2146,2252,2147,2152.8,2145.2,59,38019360,2251,,,2360.6,1931.4,0,,11:01:04,0,2151,2,2152.4,2,,0,,0,,0,,0,,0,,0,,0,,0,644395.9322,20160810
20160810,IH1612,,,2151,2146,2146,2252,2147,2152.8,2145.2,59,38019360,2251,,,2360.6,1931.4,0,,11:01:05,0,2151,2,2152.2,1,,0,,0,,0,,0,,0,,0,,0,,0,644395.9322,20160810
20160810,IH1612,,,2151,2146,2146,2252,2147,2152.8,2145.2,59,38019360,2251,,,2360.6,1931.4,0,,11:01:06,0,2150,1,2152,2,,0,,0,,0,,0,,0,,0,,0,,0,644395.9322,20160810
20160810,IH1612,,,2151,2146,2146,2252,2147,2152.8,2145.2,59,38019360,2251,,,2360.6,1931.4,0,,11:01:06,500,2150.2,1,2151.8,1,,0,,0,,0,,0,,0,,0,,0,,0,644395.9322,20160810
20160810,IH1612,,,2151,2146,2146,2252,2147,2152.8,2145.2,59,38019360,2251,,,2360.6,1931.4,0,,11:01:07,0,2150.2,1,2152.2,1,,0,,0,,0,,0,,0,,0,,0,,0,644395.9322,20160810
20160810,IH1612,,,2151,2146,2146,2252,2147,2152.8,2145.2,59,38019360,2251,,,2360.6,1931.4,0,,11:01:08,0,2150.4,1,2152.2,1,,0,,0,,0,,0,,0,,0,,0,,0,644395.9322,20160810
20160810,IH1612,,,2150.4,2146,2146,2252,2147,2152.8,2145.2,60,38664480,2251,,,2360.6,1931.4,0,,11:01:11,0,2150.2,1,2152.2,1,,0,,0,,0,,0,,0,,0,,0,,0,644408,20160810
20160810,IH1612,,,2150.4,2146,2146,2252,2147,2152.8,2145.2,60,38664480,2251,,,2360.6,1931.4,0,,11:01:22,0,2150.2,1,2152.4,2,,0,,0,,0,,0,,0,,0,,0,,0,644408,20160810
20160810,IH1612,,,2150.4,2146,2146,2252,2147,2152.8,2145.2,60,38664480,2251,,,2360.6,1931.4,0,,11:01:35,0,2150.2,1,2151.6,2,,0,,0,,0,,0,,0,,0,,0,,0,644408,20160810
20160810,IH1612,,,2150.4,2146,2146,2252,2147,2152.8,2145.2,60,38664480,2251,,,2360.6,1931.4,0,,11:02:09,0,2150.2,1,2151.6,2,,0,,0,,0,,0,,0,,0,,0,,0,644408,20160810
20160810,IH1612,,,2150.4,2146,2146,2252,2147,2152.8,2145.2,60,38664480,2251,,,2360.6,1931.4,0,,11:02:21,0,2150.2,1,2151.4,1,,0,,0,,0,,0,,0,,0,,0,,0,644408,20160810
20160810,IH1612,,,2150.4,2146,2146,2252,2147,2152.8,2145.2,60,38664480,2251,,,2360.6,1931.4,0,,11:02:29,500,2150.4,1,2151.4,1,,0,,0,,0,,0,,0,,0,,0,,0,644408,20160810
20160810,IH1612,,,2150.4,2146,2146,2252,2147,2152.8,2145.2,60,38664480,2251,,,2360.6,1931.4,0,,11:03:25,0,2150.4,1,2151.2,1,,0,,0,,0,,0,,0,,0,,0,,0,644408,20160810
20160810,IH1612,,,2150.4,2146,2146,2252,2147,2152.8,2145.2,60,38664480,2251,,,2360.6,1931.4,0,,11:03:33,500,2150.4,1,2151.4,1,,0,,0,,0,,0,,0,,0,,0,,0,644408,20160810
20160810,IH1612,,,2151.4,2146,2146,2252,2147,2152.8,2145.2,61,39309900,2252,,,2360.6,1931.4,0,,11:03:40,500,2150.4,1,2151.6,2,,0,,0,,0,,0,,0,,0,,0,,0,644424.5902,20160810
20160810,IH1612,,,2151.4,2146,2146,2252,2147,2152.8,2145.2,61,39309900,2252,,,2360.6,1931.4,0,,11:04:47,500,2150.4,1,2151.6,3,,0,,0,,0,,0,,0,,0,,0,,0,644424.5902,20160810
20160810,IH1612,,,2151.4,2146,2146,2252,2147,2152.8,2145.2,61,39309900,2252,,,2360.6,1931.4,0,,11:04:53,0,2150.4,1,2151,1,,0,,0,,0,,0,,0,,0,,0,,0,644424.5902,20160810
20160810,IH1612,,,2151.4,2146,2146,2252,2147,2152.8,2145.2,61,39309900,2252,,,2360.6,1931.4,0,,11:04:53,500,2150.4,1,2151.6,2,,0,,0,,0,,0,,0,,0,,0,,0,644424.5902,20160810
20160810,IH1612,,,2150.4,2146,2146,2252,2147,2152.8,2145.2,62,39955020,2252,,,2360.6,1931.4,0,,11:04:59,500,2135,1,2151.6,2,,0,,0,,0,,0,,0,,0,,0,,0,644435.8065,20160810
20160810,IH1612,,,2150.4,2146,2146,2252,2147,2152.8,2145.2,62,39955020,2252,,,2360.6,1931.4,0,,11:05:00,0,2147,1,2151.6,2,,0,,0,,0,,0,,0,,0,,0,,0,644435.8065,20160810
20160810,IH1612,,,2150.4,2146,2146,2252,2147,2152.8,2145.2,62,39955020,2252,,,2360.6,1931.4,0,,11:05:00,500,2147.4,1,2151.6,2,,0,,0,,0,,0,,0,,0,,0,,0,644435.8065,20160810
20160810,IH1612,,,2150.4,2146,2146,2252,2147,2152.8,2145.2,62,39955020,2252,,,2360.6,1931.4,0,,11:05:01,0,2147.6,2,2151.6,2,,0,,0,,0,,0,,0,,0,,0,,0,644435.8065,20160810
20160810,IH1612,,,2150.4,2146,2146,2252,2147,2152.8,2145.2,62,39955020,2252,,,2360.6,1931.4,0,,11:05:02,0,2147.6,2,2151.6,2,,0,,0,,0,,0,,0,,0,,0,,0,644435.8065,20160810
20160810,IH1612,,,2150.4,2146,2146,2252,2147,2152.8,2145.2,62,39955020,2252,,,2360.6,1931.4,0,,11:05:05,0,2147.6,2,2151.6,2,,0,,0,,0,,0,,0,,0,,0,,0,644435.8065,20160810
20160810,IH1612,,,2150.4,2146,2146,2252,2147,2152.8,2145.2,62,39955020,2252,,,2360.6,1931.4,0,,11:05:05,500,2147.6,2,2151.4,1,,0,,0,,0,,0,,0,,0,,0,,0,644435.8065,20160810
20160810,IH1612,,,2150.4,2146,2146,2252,2147,2152.8,2145.2,62,39955020,2252,,,2360.6,1931.4,0,,11:05:06,0,2147.6,2,2151.4,2,,0,,0,,0,,0,,0,,0,,0,,0,644435.8065,20160810
20160810,IH1612,,,2150.4,2146,2146,2252,2147,2152.8,2145.2,62,39955020,2252,,,2360.6,1931.4,0,,11:05:06,500,2147.6,2,2151.4,1,,0,,0,,0,,0,,0,,0,,0,,0,644435.8065,20160810
20160810,IH1612,,,2150.4,2146,2146,2252,2147,2152.8,2145.2,62,39955020,2252,,,2360.6,1931.4,0,,11:05:45,500,2147.6,2,2151.2,1,,0,,0,,0,,0,,0,,0,,0,,0,644435.8065,20160810
20160810,IH1612,,,2150.4,2146,2146,2252,2147,2152.8,2145.2,62,39955020,2252,,,2360.6,1931.4,0,,11:05:48,500,2147.6,2,2151.4,1,,0,,0,,0,,0,,0,,0,,0,,0,644435.8065,20160810
20160810,IH1612,,,2150.4,2146,2146,2252,2147,2152.8,2145.2,62,39955020,2252,,,2360.6,1931.4,0,,11:06:07,500,2147.6,2,2151.4,1,,0,,0,,0,,0,,0,,0,,0,,0,644435.8065,20160810
20160810,IH1612,,,2150.4,2146,2146,2252,2147,2152.8,2145.2,62,39955020,2252,,,2360.6,1931.4,0,,11:06:37,0,2147.6,1,2151.6,2,,0,,0,,0,,0,,0,,0,,0,,0,644435.8065,20160810
20160810,IH1612,,,2150.4,2146,2146,2252,2147,2152.8,2145.2,62,39955020,2252,,,2360.6,1931.4,0,,11:06:37,500,2147.8,1,2151.6,2,,0,,0,,0,,0,,0,,0,,0,,0,644435.8065,20160810
20160810,IH1612,,,2150.4,2146,2146,2252,2147,2152.8,2145.2,62,39955020,2252,,,2360.6,1931.4,0,,11:06:38,0,2147.8,1,2151.6,2,,0,,0,,0,,0,,0,,0,,0,,0,644435.8065,20160810
20160810,IH1612,,,2150.4,2146,2146,2252,2147,2152.8,2145.2,62,39955020,2252,,,2360.6,1931.4,0,,11:06:38,500,2148,1,2151.6,2,,0,,0,,0,,0,,0,,0,,0,,0,644435.8065,20160810
20160810,IH1612,,,2150.4,2146,2146,2252,2147,2152.8,2145.2,62,39955020,2252,,,2360.6,1931.4,0,,11:06:39,0,2148,1,2151.6,2,,0,,0,,0,,0,,0,,0,,0,,0,644435.8065,20160810
20160810,IH1612,,,2150.4,2146,2146,2252,2147,2152.8,2145.2,62,39955020,2252,,,2360.6,1931.4,0,,11:06:39,500,2148.2,1,2151.6,2,,0,,0,,0,,0,,0,,0,,0,,0,644435.8065,20160810
20160810,IH1612,,,2150.4,2146,2146,2252,2147,2152.8,2145.2,62,39955020,2252,,,2360.6,1931.4,0,,11:06:40,0,2148.2,1,2151.6,2,,0,,0,,0,,0,,0,,0,,0,,0,644435.8065,20160810
20160810,IH1612,,,2150.4,2146,2146,2252,2147,2152.8,2145.2,62,39955020,2252,,,2360.6,1931.4,0,,11:06:40,500,2148.4,1,2151.6,2,,0,,0,,0,,0,,0,,0,,0,,0,644435.8065,20160810
20160810,IH1612,,,2150.4,2146,2146,2252,2147,2152.8,2145.2,62,39955020,2252,,,2360.6,1931.4,0,,11:06:41,0,2148.6,1,2151.6,2,,0,,0,,0,,0,,0,,0,,0,,0,644435.8065,20160810
20160810,IH1612,,,2150.4,2146,2146,2252,2147,2152.8,2145.2,62,39955020,2252,,,2360.6,1931.4,0,,11:06:41,500,2148.6,1,2151.6,2,,0,,0,,0,,0,,0,,0,,0,,0,644435.8065,20160810
20160810,IH1612,,,2150.4,2146,2146,2252,2147,2152.8,2145.2,62,39955020,2252,,,2360.6,1931.4,0,,11:06:42,0,2148.8,1,2151.6,2,,0,,0,,0,,0,,0,,0,,0,,0,644435.8065,20160810
20160810,IH1612,,,2150.4,2146,2146,2252,2147,2152.8,2145.2,62,39955020,2252,,,2360.6,1931.4,0,,11:06:42,500,2148.8,1,2151.6,2,,0,,0,,0,,0,,0,,0,,0,,0,644435.8065,20160810
20160810,IH1612,,,2150.4,2146,2146,2252,2147,2152.8,2145.2,62,39955020,2252,,,2360.6,1931.4,0,,11:06:43,0,2149,1,2151.6,2,,0,,0,,0,,0,,0,,0,,0,,0,644435.8065,20160810
20160810,IH1612,,,2150.4,2146,2146,2252,2147,2152.8,2145.2,62,39955020,2252,,,2360.6,1931.4,0,,11:06:44,0,2149.2,1,2151.6,2,,0,,0,,0,,0,,0,,0,,0,,0,644435.8065,20160810
20160810,IH1612,,,2150.4,2146,2146,2252,2147,2152.8,2145.2,62,39955020,2252,,,2360.6,1931.4,0,,11:06:44,500,2149.2,1,2151.6,2,,0,,0,,0,,0,,0,,0,,0,,0,644435.8065,20160810
20160810,IH1612,,,2150.4,2146,2146,2252,2147,2152.8,2145.2,62,39955020,2252,,,2360.6,1931.4,0,,11:06:45,0,2149.4,1,2151.6,2,,0,,0,,0,,0,,0,,0,,0,,0,644435.8065,20160810
20160810,IH1612,,,2150.4,2146,2146,2252,2147,2152.8,2145.2,62,39955020,2252,,,2360.6,1931.4,0,,11:06:45,500,2149.6,1,2151.6,2,,0,,0,,0,,0,,0,,0,,0,,0,644435.8065,20160810
20160810,IH1612,,,2150.4,2146,2146,2252,2147,2152.8,2145.2,62,39955020,2252,,,2360.6,1931.4,0,,11:06:46,500,2149.8,1,2151.6,2,,0,,0,,0,,0,,0,,0,,0,,0,644435.8065,20160810
20160810,IH1612,,,2150.4,2146,2146,2252,2147,2152.8,2145.2,62,39955020,2252,,,2360.6,1931.4,0,,11:08:41,500,2148.2,1,2151.4,2,,0,,0,,0,,0,,0,,0,,0,,0,644435.8065,20160810
20160810,IH1612,,,2150.4,2146,2146,2252,2147,2152.8,2145.2,62,39955020,2252,,,2360.6,1931.4,0,,11:08:42,0,2148.2,1,2151.6,2,,0,,0,,0,,0,,0,,0,,0,,0,644435.8065,20160810
20160810,IH1612,,,2150.4,2146,2146,2252,2147,2152.8,2145.2,62,39955020,2252,,,2360.6,1931.4,0,,11:08:42,500,2148.4,3,2151.6,2,,0,,0,,0,,0,,0,,0,,0,,0,644435.8065,20160810
20160810,IH1612,,,2150.4,2146,2146,2252,2147,2152.8,2145.2,62,39955020,2252,,,2360.6,1931.4,0,,11:09:33,500,2148.4,3,2151.6,3,,0,,0,,0,,0,,0,,0,,0,,0,644435.8065,20160810
20160810,IH1612,,,2150.4,2146,2146,2252,2147,2152.8,2145.2,62,39955020,2252,,,2360.6,1931.4,0,,11:09:39,0,2148.4,3,2150.2,1,,0,,0,,0,,0,,0,,0,,0,,0,644435.8065,20160810
20160810,IH1612,,,2150.4,2146,2146,2252,2147,2152.8,2145.2,62,39955020,2252,,,2360.6,1931.4,0,,11:10:06,0,2148.4,3,2150,1,,0,,0,,0,,0,,0,,0,,0,,0,644435.8065,20160810
20160810,IH1612,,,2150.4,2146,2146,2252,2147,2152.8,2145.2,62,39955020,2252,,,2360.6,1931.4,0,,11:10:14,500,2148.4,3,2150,1,,0,,0,,0,,0,,0,,0,,0,,0,644435.8065,20160810
20160810,IH1612,,,2150.4,2146,2146,2252,2147,2152.8,2145.2,62,39955020,2252,,,2360.6,1931.4,0,,11:10:31,500,2148.4,3,2149.8,1,,0,,0,,0,,0,,0,,0,,0,,0,644435.8065,20160810
20160810,IH1612,,,2149.8,2146,2146,2252,2147,2152.8,2145.2,63,40599960,2252,,,2360.6,1931.4,0,,11:10:48,0,2148.4,3,2150,1,,0,,0,,0,,0,,0,,0,,0,,0,644443.8095,20160810
20160810,IH1612,,,2149.8,2146,2146,2252,2147,2152.8,2145.2,63,40599960,2252,,,2360.6,1931.4,0,,11:10:57,0,2148.8,1,2150,1,,0,,0,,0,,0,,0,,0,,0,,0,644443.8095,20160810
20160810,IH1612,,,2149.8,2146,2146,2252,2147,2152.8,2145.2,63,40599960,2252,,,2360.6,1931.4,0,,11:12:06,500,2148.8,1,2150,1,,0,,0,,0,,0,,0,,0,,0,,0,644443.8095,20160810
20160810,IH1612,,,2149.8,2146,2146,2252,2147,2152.8,2145.2,63,40599960,2252,,,2360.6,1931.4,0,,11:12:07,500,2148.8,1,2151.6,2,,0,,0,,0,,0,,0,,0,,0,,0,644443.8095,20160810
20160810,IH1612,,,2149.8,2146,2146,2252,2147,2152.8,2145.2,63,40599960,2252,,,2360.6,1931.4,0,,11:12:08,0,2149,2,2151.6,3,,0,,0,,0,,0,,0,,0,,0,,0,644443.8095,20160810
20160810,IH1612,,,2149.8,2146,2146,2252,2147,2152.8,2145.2,63,40599960,2252,,,2360.6,1931.4,0,,11:12:08,500,2149,2,2151.6,3,,0,,0,,0,,0,,0,,0,,0,,0,644443.8095,20160810
20160810,IH1612,,,2149.8,2146,2146,2252,2147,2152.8,2145.2,63,40599960,2252,,,2360.6,1931.4,0,,11:12:17,0,2149.2,1,2151.6,3,,0,,0,,0,,0,,0,,0,,0,,0,644443.8095,20160810
20160810,IH1612,,,2149.8,2146,2146,2252,2147,2152.8,2145.2,63,40599960,2252,,,2360.6,1931.4,0,,11:12:17,500,2149.2,1,2151.6,3,,0,,0,,0,,0,,0,,0,,0,,0,644443.8095,20160810
20160810,IH1612,,,2149.8,2146,2146,2252,2147,2152.8,2145.2,63,40599960,2252,,,2360.6,1931.4,0,,11:12:18,0,2149.4,2,2151.6,3,,0,,0,,0,,0,,0,,0,,0,,0,644443.8095,20160810
20160810,IH1612,,,2149.8,2146,2146,2252,2147,2152.8,2145.2,63,40599960,2252,,,2360.6,1931.4,0,,11:12:22,0,2149.6,1,2151.6,3,,0,,0,,0,,0,,0,,0,,0,,0,644443.8095,20160810
20160810,IH1612,,,2149.8,2146,2146,2252,2147,2152.8,2145.2,63,40599960,2252,,,2360.6,1931.4,0,,11:12:23,0,2149.8,2,2151.6,3,,0,,0,,0,,0,,0,,0,,0,,0,644443.8095,20160810
20160810,IH1612,,,2149.8,2146,2146,2252,2147,2152.8,2145.2,65,41889840,2254,,,2360.6,1931.4,0,,11:13:57,0,2149.6,1,2151.6,3,,0,,0,,0,,0,,0,,0,,0,,0,644459.0769,20160810
20160810,IH1612,,,2149.8,2146,2146,2252,2147,2152.8,2145.2,65,41889840,2254,,,2360.6,1931.4,0,,11:13:57,500,2149.6,1,2151,1,,0,,0,,0,,0,,0,,0,,0,,0,644459.0769,20160810
20160810,IH1612,,,2149.8,2146,2146,2252,2147,2152.8,2145.2,65,41889840,2254,,,2360.6,1931.4,0,,11:14:00,500,2149.6,1,2151.6,3,,0,,0,,0,,0,,0,,0,,0,,0,644459.0769,20160810
20160810,IH1612,,,2149.8,2146,2146,2252,2147,2152.8,2145.2,65,41889840,2254,,,2360.6,1931.4,0,,11:14:02,0,2149.6,1,2151,1,,0,,0,,0,,0,,0,,0,,0,,0,644459.0769,20160810
20160810,IH1612,,,2149.6,2146,2146,2252,2147,2152.8,2145.2,66,42534720,2254,,,2360.6,1931.4,0,,11:14:15,0,2135,1,2151.6,3,,0,,0,,0,,0,,0,,0,,0,,0,644465.4545,20160810
20160810,IH1612,,,2149.6,2146,2146,2252,2147,2152.8,2145.2,66,42534720,2254,,,2360.6,1931.4,0,,11:14:15,500,2146.6,1,2151.6,3,,0,,0,,0,,0,,0,,0,,0,,0,644465.4545,20160810
20160810,IH1612,,,2149.6,2146,2146,2252,2147,2152.8,2145.2,66,42534720,2254,,,2360.6,1931.4,0,,11:14:16,0,2148,1,2151.6,3,,0,,0,,0,,0,,0,,0,,0,,0,644465.4545,20160810
20160810,IH1612,,,2149.6,2146,2146,2252,2147,2152.8,2145.2,66,42534720,2254,,,2360.6,1931.4,0,,11:14:16,500,2148,1,2151,1,,0,,0,,0,,0,,0,,0,,0,,0,644465.4545,20160810
20160810,IH1612,,,2149.6,2146,2146,2252,2147,2152.8,2145.2,66,42534720,2254,,,2360.6,1931.4,0,,11:14:21,0,2148,1,2151,1,,0,,0,,0,,0,,0,,0,,0,,0,644465.4545,20160810
20160810,IH1612,,,2149.6,2146,2146,2252,2147,2152.8,2145.2,66,42534720,2254,,,2360.6,1931.4,0,,11:14:35,0,2148.2,1,2151,1,,0,,0,,0,,0,,0,,0,,0,,0,644465.4545,20160810
20160810,IH1612,,,2149.6,2146,2146,2252,2147,2152.8,2145.2,66,42534720,2254,,,2360.6,1931.4,0,,11:14:36,0,2148.2,1,2151,1,,0,,0,,0,,0,,0,,0,,0,,0,644465.4545,20160810
20160810,IH1612,,,2149.6,2146,2146,2252,2147,2152.8,2145.2,66,42534720,2254,,,2360.6,1931.4,0,,11:14:36,500,2144.2,1,2151,1,,0,,0,,0,,0,,0,,0,,0,,0,644465.4545,20160810
20160810,IH1612,,,2149.6,2146,2146,2252,2147,2152.8,2145.2,66,42534720,2254,,,2360.6,1931.4,0,,11:14:37,0,2145.8,1,2151,1,,0,,0,,0,,0,,0,,0,,0,,0,644465.4545,20160810
20160810,IH1612,,,2149.6,2146,2146,2252,2147,2152.8,2145.2,66,42534720,2254,,,2360.6,1931.4,0,,11:14:37,500,2148.4,1,2151,1,,0,,0,,0,,0,,0,,0,,0,,0,644465.4545,20160810
20160810,IH1612,,,2149.6,2146,2146,2252,2147,2152.8,2145.2,66,42534720,2254,,,2360.6,1931.4,0,,11:14:38,0,2148.6,1,2150.6,1,,0,,0,,0,,0,,0,,0,,0,,0,644465.4545,20160810
20160810,IH1612,,,2149.6,2146,2146,2252,2147,2152.8,2145.2,66,42534720,2254,,,2360.6,1931.4,0,,11:14:38,500,2148.6,1,2150.6,1,,0,,0,,0,,0,,0,,0,,0,,0,644465.4545,20160810
20160810,IH1612,,,2149.6,2146,2146,2252,2147,2152.8,2145.2,66,42534720,2254,,,2360.6,1931.4,0,,11:14:39,0,2146,1,2150.6,1,,0,,0,,0,,0,,0,,0,,0,,0,644465.4545,20160810
20160810,IH1612,,,2149.6,2146,2146,2252,2147,2152.8,2145.2,66,42534720,2254,,,2360.6,1931.4,0,,11:14:40,0,2148,1,2150.6,1,,0,,0,,0,,0,,0,,0,,0,,0,644465.4545,20160810
20160810,IH1612,,,2149.6,2146,2146,2252,2147,2152.8,2145.2,66,42534720,2254,,,2360.6,1931.4,0,,11:14:40,500,2148,1,2150.6,1,,0,,0,,0,,0,,0,,0,,0,,0,644465.4545,20160810
20160810,IH1612,,,2149.6,2146,2146,2252,2147,2152.8,2145.2,66,42534720,2254,,,2360.6,1931.4,0,,11:14:42,500,2148,1,2150.4,1,,0,,0,,0,,0,,0,,0,,0,,0,644465.4545,20160810
20160810,IH1612,,,2149,2146,2146,2252,2147,2152.8,2145.2,67,43179420,2253,,,2360.6,1931.4,0,,11:15:00,500,2148,1,2150.4,1,,0,,0,,0,,0,,0,,0,,0,,0,644468.9552,20160810
20160810,IH1612,,,2149,2146,2146,2252,2147,2152.8,2145.2,67,43179420,2253,,,2360.6,1931.4,0,,11:15:17,500,2148,1,2150.2,2,,0,,0,,0,,0,,0,,0,,0,,0,644468.9552,20160810
20160810,IH1612,,,2149,2146,2146,2252,2147,2152.8,2145.2,67,43179420,2253,,,2360.6,1931.4,0,,11:15:19,500,2148,1,2150,1,,0,,0,,0,,0,,0,,0,,0,,0,644468.9552,20160810
20160810,IH1612,,,2149,2146,2146,2252,2147,2152.8,2145.2,67,43179420,2253,,,2360.6,1931.4,0,,11:15:20,0,2148,1,2149.8,2,,0,,0,,0,,0,,0,,0,,0,,0,644468.9552,20160810
20160810,IH1612,,,2149,2146,2146,2252,2147,2152.8,2145.2,67,43179420,2253,,,2360.6,1931.4,0,,11:15:38,500,2145.8,1,2149.8,2,,0,,0,,0,,0,,0,,0,,0,,0,644468.9552,20160810
20160810,IH1612,,,2149,2146,2146,2252,2147,2152.8,2145.2,67,43179420,2253,,,2360.6,1931.4,0,,11:15:39,500,2147,1,2149.8,2,,0,,0,,0,,0,,0,,0,,0,,0,644468.9552,20160810
20160810,IH1612,,,2149,2146,2146,2252,2147,2152.8,2145.2,67,43179420,2253,,,2360.6,1931.4,0,,11:15:46,500,2147,1,2149.6,1,,0,,0,,0,,0,,0,,0,,0,,0,644468.9552,20160810
20160810,IH1612,,,2149,2146,2146,2252,2147,2152.8,2145.2,67,43179420,2253,,,2360.6,1931.4,0,,11:15:47,0,2147,1,2149.6,1,,0,,0,,0,,0,,0,,0,,0,,0,644468.9552,20160810
20160810,IH1612,,,2149,2146,2146,2252,2147,2152.8,2145.2,67,43179420,2253,,,2360.6,1931.4,0,,11:15:47,500,2147,1,2149.4,2,,0,,0,,0,,0,,0,,0,,0,,0,644468.9552,20160810
20160810,IH1612,,,2149,2146,2146,2252,2147,2152.8,2145.2,67,43179420,2253,,,2360.6,1931.4,0,,11:15:48,0,2147,1,2149.2,1,,0,,0,,0,,0,,0,,0,,0,,0,644468.9552,20160810
20160810,IH1612,,,2149,2146,2146,2252,2147,2152.8,2145.2,67,43179420,2253,,,2360.6,1931.4,0,,11:15:48,500,2147,1,2149.2,1,,0,,0,,0,,0,,0,,0,,0,,0,644468.9552,20160810
20160810,IH1612,,,2149,2146,2146,2252,2147,2152.8,2145.2,67,43179420,2253,,,2360.6,1931.4,0,,11:15:49,0,2147,1,2149,2,,0,,0,,0,,0,,0,,0,,0,,0,644468.9552,20160810
20160810,IH1612,,,2149,2146,2146,2252,2147,2152.8,2145.2,67,43179420,2253,,,2360.6,1931.4,0,,11:15:49,500,2147,1,2148.8,1,,0,,0,,0,,0,,0,,0,,0,,0,644468.9552,20160810
20160810,IH1612,,,2149,2146,2146,2252,2147,2152.8,2145.2,67,43179420,2253,,,2360.6,1931.4,0,,11:15:50,0,2147,1,2148.8,1,,0,,0,,0,,0,,0,,0,,0,,0,644468.9552,20160810
20160810,IH1612,,,2149,2146,2146,2252,2147,2152.8,2145.2,67,43179420,2253,,,2360.6,1931.4,0,,11:16:24,0,2147,1,2148.8,1,,0,,0,,0,,0,,0,,0,,0,,0,644468.9552,20160810
20160810,IH1612,,,2149,2146,2146,2252,2147,2152.8,2145.2,67,43179420,2253,,,2360.6,1931.4,0,,11:16:24,500,2145.8,1,2148.8,1,,0,,0,,0,,0,,0,,0,,0,,0,644468.9552,20160810
20160810,IH1612,,,2149,2146,2146,2252,2147,2152.8,2145.2,67,43179420,2253,,,2360.6,1931.4,0,,11:16:25,0,2145.8,1,2148.8,1,,0,,0,,0,,0,,0,,0,,0,,0,644468.9552,20160810
20160810,IH1612,,,2149,2146,2146,2252,2147,2152.8,2145.2,67,43179420,2253,,,2360.6,1931.4,0,,11:16:25,500,2146.6,1,2148.6,2,,0,,0,,0,,0,,0,,0,,0,,0,644468.9552,20160810
20160810,IH1612,,,2149,2146,2146,2252,2147,2152.8,2145.2,67,43179420,2253,,,2360.6,1931.4,0,,11:16:26,0,2146.6,1,2148.4,1,,0,,0,,0,,0,,0,,0,,0,,0,644468.9552,20160810
20160810,IH1612,,,2149,2146,2146,2252,2147,2152.8,2145.2,67,43179420,2253,,,2360.6,1931.4,0,,11:16:26,500,2146.6,1,2148.4,1,,0,,0,,0,,0,,0,,0,,0,,0,644468.9552,20160810
20160810,IH1612,,,2149,2146,2146,2252,2147,2152.8,2145.2,67,43179420,2253,,,2360.6,1931.4,0,,11:16:32,500,2146.6,1,2148.4,1,,0,,0,,0,,0,,0,,0,,0,,0,644468.9552,20160810
20160810,IH1612,,,2149,2146,2146,2252,2147,2152.8,2145.2,67,43179420,2253,,,2360.6,1931.4,0,,11:16:33,0,2145.8,1,2148.4,1,,0,,0,,0,,0,,0,,0,,0,,0,644468.9552,20160810
20160810,IH1612,,,2149,2146,2146,2252,2147,2152.8,2145.2,67,43179420,2253,,,2360.6,1931.4,0,,11:16:34,0,2145.8,1,2148.2,2,,0,,0,,0,,0,,0,,0,,0,,0,644468.9552,20160810
20160810,IH1612,,,2149,2146,2146,2252,2147,2152.8,2145.2,67,43179420,2253,,,2360.6,1931.4,0,,11:16:34,500,2145.8,1,2148,1,,0,,0,,0,,0,,0,,0,,0,,0,644468.9552,20160810
20160810,IH1612,,,2149,2146,2146,2252,2147,2152.8,2145.2,67,43179420,2253,,,2360.6,1931.4,0,,11:16:35,0,2145.8,1,2147.8,2,,0,,0,,0,,0,,0,,0,,0,,0,644468.9552,20160810
20160810,IH1612,,,2149,2146,2146,2252,2147,2152.8,2145.2,67,43179420,2253,,,2360.6,1931.4,0,,11:16:35,500,2146.2,1,2147.6,1,,0,,0,,0,,0,,0,,0,,0,,0,644468.9552,20160810
20160810,IH1612,,,2149,2146,2146,2252,2147,2152.8,2145.2,67,43179420,2253,,,2360.6,1931.4,0,,11:16:36,0,2146.2,1,2147.6,1,,0,,0,,0,,0,,0,,0,,0,,0,644468.9552,20160810
20160810,IH1612,,,2149,2146,2146,2252,2147,2152.8,2145.2,67,43179420,2253,,,2360.6,1931.4,0,,11:16:37,0,2135,1,2147.6,1,,0,,0,,0,,0,,0,,0,,0,,0,644468.9552,20160810
20160810,IH1612,,,2147.6,2146,2146,2252,2147,2152.8,2145.2,68,43823700,2253,,,2360.6,1931.4,0,,11:16:37,500,2142.4,1,2147.4,1,,0,,0,,0,,0,,0,,0,,0,,0,644466.1765,20160810
20160810,IH1612,,,2147.6,2146,2146,2252,2147,2152.8,2145.2,68,43823700,2253,,,2360.6,1931.4,0,,11:16:38,0,2146.4,1,2147.4,2,,0,,0,,0,,0,,0,,0,,0,,0,644466.1765,20160810
20160810,IH1612,,,2147.6,2146,2146,2252,2147,2152.8,2145.2,68,43823700,2253,,,2360.6,1931.4,0,,11:16:38,500,2145.4,1,2147.4,1,,0,,0,,0,,0,,0,,0,,0,,0,644466.1765,20160810
20160810,IH1612,,,2147.6,2146,2146,2252,2147,2152.8,2145.2,68,43823700,2253,,,2360.6,1931.4,0,,11:16:39,0,2142.4,1,2147.2,2,,0,,0,,0,,0,,0,,0,,0,,0,644466.1765,20160810
20160810,IH1612,,,2147.6,2146,2146,2252,2147,2152.8,2145.2,68,43823700,2253,,,2360.6,1931.4,0,,11:16:39,500,2145.6,1,2147.2,2,,0,,0,,0,,0,,0,,0,,0,,0,644466.1765,20160810
20160810,IH1612,,,2147.6,2146,2146,2252,2147,2152.8,2145.2,68,43823700,2253,,,2360.6,1931.4,0,,11:16:40,0,2145.6,2,2147.2,2,,0,,0,,0,,0,,0,,0,,0,,0,644466.1765,20160810
20160810,IH1612,,,2147.6,2146,2146,2252,2147,2152.8,2145.2,68,43823700,2253,,,2360.6,1931.4,0,,11:16:44,0,2145.6,1,2147.2,2,,0,,0,,0,,0,,0,,0,,0,,0,644466.1765,20160810
20160810,IH1612,,,2147.6,2146,2146,2252,2147,2152.8,2145.2,68,43823700,2253,,,2360.6,1931.4,0,,11:16:50,500,2145.6,1,2147.2,1,,0,,0,,0,,0,,0,,0,,0,,0,644466.1765,20160810
20160810,IH1612,,,2147.6,2146,2146,2252,2147,2152.8,2145.2,68,43823700,2253,,,2360.6,1931.4,0,,11:16:56,500,2145.6,1,2147.4,1,,0,,0,,0,,0,,0,,0,,0,,0,644466.1765,20160810
20160810,IH1612,,,2147.4,2146,2146,2252,2147,2152.8,2145.2,69,44467920,2253,,,2360.6,1931.4,0,,11:17:12,0,2145.6,1,2150.6,1,,0,,0,,0,,0,,0,,0,,0,,0,644462.6087,20160810
20160810,IH1612,,,2147.4,2146,2146,2252,2147,2152.8,2145.2,69,44467920,2253,,,2360.6,1931.4,0,,11:17:12,500,2145.6,1,2150.4,6,,0,,0,,0,,0,,0,,0,,0,,0,644462.6087,20160810
20160810,IH1612,,,2147.4,2146,2146,2252,2147,2152.8,2145.2,69,44467920,2253,,,2360.6,1931.4,0,,11:17:13,0,2145.6,1,2149.8,1,,0,,0,,0,,0,,0,,0,,0,,0,644462.6087,20160810
20160810,IH1612,,,2147.4,2146,2146,2252,2147,2152.8,2145.2,69,44467920,2253,,,2360.6,1931.4,0,,11:17:13,500,2145.6,1,2149.4,1,,0,,0,,0,,0,,0,,0,,0,,0,644462.6087,20160810
20160810,IH1612,,,2147.4,2146,2146,2252,2147,2152.8,2145.2,69,44467920,2253,,,2360.6,1931.4,0,,11:17:14,0,2145.6,1,2149.2,1,,0,,0,,0,,0,,0,,0,,0,,0,644462.6087,20160810
20160810,IH1612,,,2147.4,2146,2146,2252,2147,2152.8,2145.2,69,44467920,2253,,,2360.6,1931.4,0,,11:17:14,500,2145.6,1,2149.2,2,,0,,0,,0,,0,,0,,0,,0,,0,644462.6087,20160810
20160810,IH1612,,,2147.4,2146,2146,2252,2147,2152.8,2145.2,69,44467920,2253,,,2360.6,1931.4,0,,11:17:15,0,2145.6,1,2149,1,,0,,0,,0,,0,,0,,0,,0,,0,644462.6087,20160810
20160810,IH1612,,,2147.4,2146,2146,2252,2147,2152.8,2145.2,69,44467920,2253,,,2360.6,1931.4,0,,11:17:15,500,2145.6,1,2149,1,,0,,0,,0,,0,,0,,0,,0,,0,644462.6087,20160810
20160810,IH1612,,,2147.4,2146,2146,2252,2147,2152.8,2145.2,69,44467920,2253,,,2360.6,1931.4,0,,11:17:16,0,2145.6,1,2148.8,2,,0,,0,,0,,0,,0,,0,,0,,0,644462.6087,20160810
20160810,IH1612,,,2147.4,2146,2146,2252,2147,2152.8,2145.2,69,44467920,2253,,,2360.6,1931.4,0,,11:17:16,500,2145.6,1,2148.6,1,,0,,0,,0,,0,,0,,0,,0,,0,644462.6087,20160810
20160810,IH1612,,,2147.4,2146,2146,2252,2147,2152.8,2145.2,69,44467920,2253,,,2360.6,1931.4,0,,11:17:17,0,2145.6,1,2150.4,1,,0,,0,,0,,0,,0,,0,,0,,0,644462.6087,20160810
20160810,IH1612,,,2147.4,2146,2146,2252,2147,2152.8,2145.2,69,44467920,2253,,,2360.6,1931.4,0,,11:17:17,500,2145.6,1,2148,1,,0,,0,,0,,0,,0,,0,,0,,0,644462.6087,20160810
20160810,IH1612,,,2147.4,2146,2146,2252,2147,2152.8,2145.2,69,44467920,2253,,,2360.6,1931.4,0,,11:17:18,0,2145.6,1,2147.8,2,,0,,0,,0,,0,,0,,0,,0,,0,644462.6087,20160810
20160810,IH1612,,,2147.4,2146,2146,2252,2147,2152.8,2145.2,69,44467920,2253,,,2360.6,1931.4,0,,11:17:18,500,2145.6,1,2147.8,2,,0,,0,,0,,0,,0,,0,,0,,0,644462.6087,20160810
20160810,IH1612,,,2147.4,2146,2146,2252,2147,2152.8,2145.2,69,44467920,2253,,,2360.6,1931.4,0,,11:17:26,500,2145.6,1,2149.4,1,,0,,0,,0,,0,,0,,0,,0,,0,644462.6087,20160810
20160810,IH1612,,,2147.4,2146,2146,2252,2147,2152.8,2145.2,69,44467920,2253,,,2360.6,1931.4,0,,11:17:27,500,2145.6,1,2148.8,1,,0,,0,,0,,0,,0,,0,,0,,0,644462.6087,20160810
20160810,IH1612,,,2147.4,2146,2146,2252,2147,2152.8,2145.2,69,44467920,2253,,,2360.6,1931.4,0,,11:17:28,0,2145.6,1,2149.2,3,,0,,0,,0,,0,,0,,0,,0,,0,644462.6087,20160810
20160810,IH1612,,,2147.4,2146,2146,2252,2147,2152.8,2145.2,69,44467920,2253,,,2360.6,1931.4,0,,11:17:28,500,2145.6,1,2149.2,3,,0,,0,,0,,0,,0,,0,,0,,0,644462.6087,20160810
20160810,IH1612,,,2147.4,2146,2146,2252,2147,2152.8,2145.2,69,44467920,2253,,,2360.6,1931.4,0,,11:17:29,0,2145.6,1,2149.2,4,,0,,0,,0,,0,,0,,0,,0,,0,644462.6087,20160810
20160810,IH1612,,,2147.4,2146,2146,2252,2147,2152.8,2145.2,69,44467920,2253,,,2360.6,1931.4,0,,11:17:30,500,2142,1,2149.2,4,,0,,0,,0,,0,,0,,0,,0,,0,644462.6087,20160810
20160810,IH1612,,,2147.4,2146,2146,2252,2147,2152.8,2145.2,69,44467920,2253,,,2360.6,1931.4,0,,11:17:31,0,2142.4,2,2149.2,4,,0,,0,,0,,0,,0,,0,,0,,0,644462.6087,20160810
20160810,IH1612,,,2147.4,2146,2146,2252,2147,2152.8,2145.2,69,44467920,2253,,,2360.6,1931.4,0,,11:17:31,500,2145.2,1,2149.2,4,,0,,0,,0,,0,,0,,0,,0,,0,644462.6087,20160810
20160810,IH1612,,,2147.4,2146,2146,2252,2147,2152.8,2145.2,69,44467920,2253,,,2360.6,1931.4,0,,11:17:34,500,2145.4,1,2149.2,4,,0,,0,,0,,0,,0,,0,,0,,0,644462.6087,20160810
20160810,IH1612,,,2147.4,2146,2146,2252,2147,2152.8,2145.2,69,44467920,2253,,,2360.6,1931.4,0,,11:17:35,500,2145.4,1,2149.2,4,,0,,0,,0,,0,,0,,0,,0,,0,644462.6087,20160810
20160810,IH1612,,,2147.4,2146,2146,2252,2147,2152.8,2145.2,69,44467920,2253,,,2360.6,1931.4,0,,11:18:05,0,2145.8,1,2149.2,4,,0,,0,,0,,0,,0,,0,,0,,0,644462.6087,20160810
20160810,IH1612,,,2147.4,2146,2146,2252,2147,2152.8,2145.2,69,44467920,2253,,,2360.6,1931.4,0,,11:18:07,500,2145.8,1,2149.2,4,,0,,0,,0,,0,,0,,0,,0,,0,644462.6087,20160810
20160810,IH1612,,,2147.4,2146,2146,2252,2147,2152.8,2145.2,69,44467920,2253,,,2360.6,1931.4,0,,11:18:10,0,2145.8,1,2149.2,4,,0,,0,,0,,0,,0,,0,,0,,0,644462.6087,20160810
20160810,IH1612,,,2147.4,2146,2146,2252,2147,2152.8,2145.2,69,44467920,2253,,,2360.6,1931.4,0,,11:18:11,500,2145.8,1,2149.2,2,,0,,0,,0,,0,,0,,0,,0,,0,644462.6087,20160810
20160810,IH1612,,,2147.4,2146,2146,2252,2147,2152.8,2145.2,69,44467920,2253,,,2360.6,1931.4,0,,11:18:19,500,2145.8,1,2149,2,,0,,0,,0,,0,,0,,0,,0,,0,644462.6087,20160810
20160810,IH1612,,,2147.4,2146,2146,2252,2147,2152.8,2145.2,69,44467920,2253,,,2360.6,1931.4,0,,11:18:24,500,2146,1,2149,2,,0,,0,,0,,0,,0,,0,,0,,0,644462.6087,20160810
20160810,IH1612,,,2147.4,2146,2146,2252,2147,2152.8,2145.2,69,44467920,2253,,,2360.6,1931.4,0,,11:18:25,500,2146,1,2149,2,,0,,0,,0,,0,,0,,0,,0,,0,644462.6087,20160810
20160810,IH1612,,,2147.4,2146,2146,2252,2147,2152.8,2145.2,69,44467920,2253,,,2360.6,1931.4,0,,11:18:26,0,2142.2,1,2149,2,,0,,0,,0,,0,,0,,0,,0,,0,644462.6087,20160810
20160810,IH1612,,,2147.4,2146,2146,2252,2147,2152.8,2145.2,69,44467920,2253,,,2360.6,1931.4,0,,11:18:26,500,2142.6,1,2149,2,,0,,0,,0,,0,,0,,0,,0,,0,644462.6087,20160810
20160810,IH1612,,,2147.4,2146,2146,2252,2147,2152.8,2145.2,69,44467920,2253,,,2360.6,1931.4,0,,11:18:27,0,2146.2,1,2149,2,,0,,0,,0,,0,,0,,0,,0,,0,644462.6087,20160810
20160810,IH1612,,,2147.4,2146,2146,2252,2147,2152.8,2145.2,69,44467920,2253,,,2360.6,1931.4,0,,11:18:27,500,2146.4,1,2149,2,,0,,0,,0,,0,,0,,0,,0,,0,644462.6087,20160810
20160810,IH1612,,,2147.4,2146,2146,2252,2147,2152.8,2145.2,69,44467920,2253,,,2360.6,1931.4,0,,11:18:28,0,2146.4,1,2149,2,,0,,0,,0,,0,,0,,0,,0,,0,644462.6087,20160810
20160810,IH1612,,,2147.4,2146,2146,2252,2147,2152.8,2145.2,69,44467920,2253,,,2360.6,1931.4,0,,11:18:28,500,2146.4,1,2149,2,,0,,0,,0,,0,,0,,0,,0,,0,644462.6087,20160810
20160810,IH1612,,,2147.4,2146,2146,2252,2147,2152.8,2145.2,69,44467920,2253,,,2360.6,1931.4,0,,11:18:29,0,2142.8,1,2149,2,,0,,0,,0,,0,,0,,0,,0,,0,644462.6087,20160810
20160810,IH1612,,,2147.4,2146,2146,2252,2147,2152.8,2145.2,69,44467920,2253,,,2360.6,1931.4,0,,11:18:29,500,2143.2,1,2149,2,,0,,0,,0,,0,,0,,0,,0,,0,644462.6087,20160810
20160810,IH1612,,,2147.4,2146,2146,2252,2147,2152.8,2145.2,69,44467920,2253,,,2360.6,1931.4,0,,11:18:30,0,2146.2,1,2149,2,,0,,0,,0,,0,,0,,0,,0,,0,644462.6087,20160810
20160810,IH1612,,,2147.4,2146,2146,2252,2147,2152.8,2145.2,69,44467920,2253,,,2360.6,1931.4,0,,11:18:30,500,2146.4,1,2149,2,,0,,0,,0,,0,,0,,0,,0,,0,644462.6087,20160810
20160810,IH1612,,,2147.4,2146,2146,2252,2147,2152.8,2145.2,69,44467920,2253,,,2360.6,1931.4,0,,11:18:31,0,2146.4,1,2149,2,,0,,0,,0,,0,,0,,0,,0,,0,644462.6087,20160810
20160810,IH1612,,,2147.4,2146,2146,2252,2147,2152.8,2145.2,69,44467920,2253,,,2360.6,1931.4,0,,11:18:31,500,2144.2,1,2149,2,,0,,0,,0,,0,,0,,0,,0,,0,644462.6087,20160810
20160810,IH1612,,,2147.4,2146,2146,2252,2147,2152.8,2145.2,69,44467920,2253,,,2360.6,1931.4,0,,11:18:32,500,2146.2,1,2149,2,,0,,0,,0,,0,,0,,0,,0,,0,644462.6087,20160810
20160810,IH1612,,,2147.4,2146,2146,2252,2147,2152.8,2145.2,69,44467920,2253,,,2360.6,1931.4,0,,11:18:33,0,2146.4,1,2149,2,,0,,0,,0,,0,,0,,0,,0,,0,644462.6087,20160810
20160810,IH1612,,,2147.4,2146,2146,2252,2147,2152.8,2145.2,69,44467920,2253,,,2360.6,1931.4,0,,11:18:33,500,2146.4,1,2149,2,,0,,0,,0,,0,,0,,0,,0,,0,644462.6087,20160810
20160810,IH1612,,,2147.4,2146,2146,2252,2147,2152.8,2145.2,69,44467920,2253,,,2360.6,1931.4,0,,11:18:34,0,2146.4,1,2149,2,,0,,0,,0,,0,,0,,0,,0,,0,644462.6087,20160810
20160810,IH1612,,,2147.4,2146,2146,2252,2147,2152.8,2145.2,69,44467920,2253,,,2360.6,1931.4,0,,11:18:34,500,2145.2,1,2149,2,,0,,0,,0,,0,,0,,0,,0,,0,644462.6087,20160810
20160810,IH1612,,,2147.4,2146,2146,2252,2147,2152.8,2145.2,69,44467920,2253,,,2360.6,1931.4,0,,11:18:35,0,2145.4,1,2149,2,,0,,0,,0,,0,,0,,0,,0,,0,644462.6087,20160810
20160810,IH1612,,,2147.4,2146,2146,2252,2147,2152.8,2145.2,69,44467920,2253,,,2360.6,1931.4,0,,11:18:35,500,2146.2,1,2149,2,,0,,0,,0,,0,,0,,0,,0,,0,644462.6087,20160810
20160810,IH1612,,,2147.4,2146,2146,2252,2147,2152.8,2145.2,69,44467920,2253,,,2360.6,1931.4,0,,11:18:36,0,2146.4,1,2149,2,,0,,0,,0,,0,,0,,0,,0,,0,644462.6087,20160810
20160810,IH1612,,,2147.4,2146,2146,2252,2147,2152.8,2145.2,69,44467920,2253,,,2360.6,1931.4,0,,11:18:36,500,2146.4,1,2149,2,,0,,0,,0,,0,,0,,0,,0,,0,644462.6087,20160810
20160810,IH1612,,,2147.4,2146,2146,2252,2147,2152.8,2145.2,69,44467920,2253,,,2360.6,1931.4,0,,11:18:37,0,2146.4,1,2149,2,,0,,0,,0,,0,,0,,0,,0,,0,644462.6087,20160810
20160810,IH1612,,,2147.4,2146,2146,2252,2147,2152.8,2145.2,69,44467920,2253,,,2360.6,1931.4,0,,11:18:37,500,2145.4,1,2149,2,,0,,0,,0,,0,,0,,0,,0,,0,644462.6087,20160810
20160810,IH1612,,,2147.4,2146,2146,2252,2147,2152.8,2145.2,69,44467920,2253,,,2360.6,1931.4,0,,11:18:38,500,2146,1,2149,2,,0,,0,,0,,0,,0,,0,,0,,0,644462.6087,20160810
20160810,IH1612,,,2147.4,2146,2146,2252,2147,2152.8,2145.2,69,44467920,2253,,,2360.6,1931.4,0,,11:18:44,500,2146.2,1,2149,2,,0,,0,,0,,0,,0,,0,,0,,0,644462.6087,20160810
20160810,IH1612,,,2147.4,2146,2146,2252,2147,2152.8,2145.2,69,44467920,2253,,,2360.6,1931.4,0,,11:18:45,500,2146.2,1,2149,2,,0,,0,,0,,0,,0,,0,,0,,0,644462.6087,20160810
20160810,IH1612,,,2147.4,2146,2146,2252,2147,2152.8,2145.2,69,44467920,2253,,,2360.6,1931.4,0,,11:19:00,500,2146.4,1,2149,2,,0,,0,,0,,0,,0,,0,,0,,0,644462.6087,20160810
20160810,IH1612,,,2147.4,2146,2146,2252,2147,2152.8,2145.2,69,44467920,2253,,,2360.6,1931.4,0,,11:19:15,500,2146.4,2,2149,2,,0,,0,,0,,0,,0,,0,,0,,0,644462.6087,20160810
20160810,IH1612,,,2147.4,2146,2146,2252,2147,2152.8,2145.2,69,44467920,2253,,,2360.6,1931.4,0,,11:19:20,500,2146.4,2,2149,2,,0,,0,,0,,0,,0,,0,,0,,0,644462.6087,20160810
20160810,IH1612,,,2147.4,2146,2146,2252,2147,2152.8,2145.2,69,44467920,2253,,,2360.6,1931.4,0,,11:19:22,500,2146.4,2,2149,2,,0,,0,,0,,0,,0,,0,,0,,0,644462.6087,20160810
20160810,IH1612,,,2147.4,2146,2146,2252,2147,2152.8,2145.2,69,44467920,2253,,,2360.6,1931.4,0,,11:19:28,0,2146.4,2,2149,2,,0,,0,,0,,0,,0,,0,,0,,0,644462.6087,20160810
20160810,IH1612,,,2147.4,2146,2146,2252,2147,2152.8,2145.2,69,44467920,2253,,,2360.6,1931.4,0,,11:19:32,500,2146.6,1,2149,2,,0,,0,,0,,0,,0,,0,,0,,0,644462.6087,20160810
20160810,IH1612,,,2147.4,2146,2146,2252,2147,2152.8,2145.2,69,44467920,2253,,,2360.6,1931.4,0,,11:19:33,0,2146.8,1,2149,2,,0,,0,,0,,0,,0,,0,,0,,0,644462.6087,20160810
20160810,IH1612,,,2147.4,2146,2146,2252,2147,2152.8,2145.2,69,44467920,2253,,,2360.6,1931.4,0,,11:19:33,500,2146.8,1,2149,2,,0,,0,,0,,0,,0,,0,,0,,0,644462.6087,20160810
20160810,IH1612,,,2147.4,2146,2146,2252,2147,2152.8,2145.2,69,44467920,2253,,,2360.6,1931.4,0,,11:19:34,0,2146.6,1,2149,2,,0,,0,,0,,0,,0,,0,,0,,0,644462.6087,20160810
20160810,IH1612,,,2147.4,2146,2146,2252,2147,2152.8,2145.2,69,44467920,2253,,,2360.6,1931.4,0,,11:19:34,500,2146.8,1,2149,2,,0,,0,,0,,0,,0,,0,,0,,0,644462.6087,20160810
20160810,IH1612,,,2147.4,2146,2146,2252,2147,2152.8,2145.2,69,44467920,2253,,,2360.6,1931.4,0,,11:19:35,0,2147,1,2149,2,,0,,0,,0,,0,,0,,0,,0,,0,644462.6087,20160810
20160810,IH1612,,,2147.4,2146,2146,2252,2147,2152.8,2145.2,69,44467920,2253,,,2360.6,1931.4,0,,11:19:35,500,2147,1,2149,2,,0,,0,,0,,0,,0,,0,,0,,0,644462.6087,20160810
20160810,IH1612,,,2147.4,2146,2146,2252,2147,2152.8,2145.2,69,44467920,2253,,,2360.6,1931.4,0,,11:19:40,0,2147,1,2149,2,,0,,0,,0,,0,,0,,0,,0,,0,644462.6087,20160810
20160810,IH1612,,,2147.4,2146,2146,2252,2147,2152.8,2145.2,69,44467920,2253,,,2360.6,1931.4,0,,11:19:48,0,2147,1,2149,2,,0,,0,,0,,0,,0,,0,,0,,0,644462.6087,20160810
20160810,IH1612,,,2147.4,2146,2146,2252,2147,2152.8,2145.2,69,44467920,2253,,,2360.6,1931.4,0,,11:19:48,500,2145.6,1,2149,2,,0,,0,,0,,0,,0,,0,,0,,0,644462.6087,20160810
20160810,IH1612,,,2147.4,2146,2146,2252,2147,2152.8,2145.2,69,44467920,2253,,,2360.6,1931.4,0,,11:19:49,0,2145.8,1,2149,2,,0,,0,,0,,0,,0,,0,,0,,0,644462.6087,20160810
20160810,IH1612,,,2147.4,2146,2146,2252,2147,2152.8,2145.2,69,44467920,2253,,,2360.6,1931.4,0,,11:19:49,500,2146,2,2149,2,,0,,0,,0,,0,,0,,0,,0,,0,644462.6087,20160810
20160810,IH1612,,,2147.4,2146,2146,2252,2147,2152.8,2145.2,69,44467920,2253,,,2360.6,1931.4,0,,11:19:50,0,2146.2,1,2149,2,,0,,0,,0,,0,,0,,0,,0,,0,644462.6087,20160810
20160810,IH1612,,,2147.4,2146,2146,2252,2147,2152.8,2145.2,69,44467920,2253,,,2360.6,1931.4,0,,11:19:50,500,2146.4,2,2149,2,,0,,0,,0,,0,,0,,0,,0,,0,644462.6087,20160810
20160810,IH1612,,,2149,2146,2146,2252,2147,2152.8,2145.2,70,45112620,2254,,,2360.6,1931.4,0,,11:19:51,0,2146.6,1,2149,1,,0,,0,,0,,0,,0,,0,,0,,0,644466,20160810
20160810,IH1612,,,2149,2146,2146,2252,2147,2152.8,2145.2,70,45112620,2254,,,2360.6,1931.4,0,,11:19:51,500,2146.8,2,2149,1,,0,,0,,0,,0,,0,,0,,0,,0,644466,20160810
20160810,IH1612,,,2149,2146,2146,2252,2147,2152.8,2145.2,70,45112620,2254,,,2360.6,1931.4,0,,11:19:52,0,2146.8,2,2149,1,,0,,0,,0,,0,,0,,0,,0,,0,644466,20160810
20160810,IH1612,,,2149,2146,2146,2252,2147,2152.8,2145.2,71,45757320,2255,,,2360.6,1931.4,0,,11:20:02,500,2146.8,2,2151.6,2,,0,,0,,0,,0,,0,,0,,0,,0,644469.2958,20160810
20160810,IH1612,,,2149,2146,2146,2252,2147,2152.8,2145.2,71,45757320,2255,,,2360.6,1931.4,0,,11:20:03,0,2149,1,2150.6,1,,0,,0,,0,,0,,0,,0,,0,,0,644469.2958,20160810
20160810,IH1612,,,2149,2146,2146,2252,2147,2152.8,2145.2,72,46402020,2256,,,2360.6,1931.4,0,,11:20:03,500,2149.2,1,2150.4,1,,0,,0,,0,,0,,0,,0,,0,,0,644472.5,20160810
20160810,IH1612,,,2149.2,2146,2146,2252,2147,2152.8,2145.2,73,47046780,2255,,,2360.6,1931.4,0,,11:20:04,0,2145.2,1,2150.2,1,,0,,0,,0,,0,,0,,0,,0,,0,644476.4384,20160810
20160810,IH1612,,,2149.2,2146,2146,2252,2147,2152.8,2145.2,73,47046780,2255,,,2360.6,1931.4,0,,11:20:04,500,2145.4,4,2150.2,1,,0,,0,,0,,0,,0,,0,,0,,0,644476.4384,20160810
20160810,IH1612,,,2149.2,2146,2146,2252,2147,2152.8,2145.2,73,47046780,2255,,,2360.6,1931.4,0,,11:20:05,0,2146.2,1,2150.2,1,,0,,0,,0,,0,,0,,0,,0,,0,644476.4384,20160810
20160810,IH1612,,,2149.2,2146,2146,2252,2147,2152.8,2145.2,73,47046780,2255,,,2360.6,1931.4,0,,11:20:05,500,2146.4,2,2150.2,1,,0,,0,,0,,0,,0,,0,,0,,0,644476.4384,20160810
20160810,IH1612,,,2149.2,2146,2146,2252,2147,2152.8,2145.2,73,47046780,2255,,,2360.6,1931.4,0,,11:20:06,0,2146.6,1,2150.2,1,,0,,0,,0,,0,,0,,0,,0,,0,644476.4384,20160810
20160810,IH1612,,,2149.2,2146,2146,2252,2147,2152.8,2145.2,73,47046780,2255,,,2360.6,1931.4,0,,11:20:06,500,2146.8,1,2150.2,1,,0,,0,,0,,0,,0,,0,,0,,0,644476.4384,20160810
20160810,IH1612,,,2149.2,2146,2146,2252,2147,2152.8,2145.2,73,47046780,2255,,,2360.6,1931.4,0,,11:20:07,0,2145.4,3,2150.2,1,,0,,0,,0,,0,,0,,0,,0,,0,644476.4384,20160810
20160810,IH1612,,,2149.2,2146,2146,2252,2147,2152.8,2145.2,73,47046780,2255,,,2360.6,1931.4,0,,11:20:07,500,2145.6,1,2150.2,1,,0,,0,,0,,0,,0,,0,,0,,0,644476.4384,20160810
20160810,IH1612,,,2149.2,2146,2146,2252,2147,2152.8,2145.2,73,47046780,2255,,,2360.6,1931.4,0,,11:20:08,0,2146.2,1,2150.2,1,,0,,0,,0,,0,,0,,0,,0,,0,644476.4384,20160810
20160810,IH1612,,,2149.2,2146,2146,2252,2147,2152.8,2145.2,73,47046780,2255,,,2360.6,1931.4,0,,11:20:08,500,2146.4,1,2150.2,1,,0,,0,,0,,0,,0,,0,,0,,0,644476.4384,20160810
20160810,IH1612,,,2149.2,2146,2146,2252,2147,2152.8,2145.2,73,47046780,2255,,,2360.6,1931.4,0,,11:20:09,0,2146.6,1,2150.2,1,,0,,0,,0,,0,,0,,0,,0,,0,644476.4384,20160810
20160810,IH1612,,,2149.2,2146,2146,2252,2147,2152.8,2145.2,73,47046780,2255,,,2360.6,1931.4,0,,11:20:09,500,2146.6,1,2150.2,1,,0,,0,,0,,0,,0,,0,,0,,0,644476.4384,20160810
20160810,IH1612,,,2149.2,2146,2146,2252,2147,2152.8,2145.2,73,47046780,2255,,,2360.6,1931.4,0,,11:20:10,0,2146.8,1,2150.2,1,,0,,0,,0,,0,,0,,0,,0,,0,644476.4384,20160810
20160810,IH1612,,,2149.2,2146,2146,2252,2147,2152.8,2145.2,73,47046780,2255,,,2360.6,1931.4,0,,11:20:10,500,2146.8,1,2150.2,1,,0,,0,,0,,0,,0,,0,,0,,0,644476.4384,20160810
20160810,IH1612,,,2149.2,2146,2146,2252,2147,2152.8,2145.2,73,47046780,2255,,,2360.6,1931.4,0,,11:20:11,0,2146,1,2150.2,1,,0,,0,,0,,0,,0,,0,,0,,0,644476.4384,20160810
20160810,IH1612,,,2149.2,2146,2146,2252,2147,2152.8,2145.2,73,47046780,2255,,,2360.6,1931.4,0,,11:20:11,500,2146.2,1,2150.2,1,,0,,0,,0,,0,,0,,0,,0,,0,644476.4384,20160810
20160810,IH1612,,,2149.2,2146,2146,2252,2147,2152.8,2145.2,73,47046780,2255,,,2360.6,1931.4,0,,11:20:12,0,2146.4,1,2150.2,1,,0,,0,,0,,0,,0,,0,,0,,0,644476.4384,20160810
20160810,IH1612,,,2149.2,2146,2146,2252,2147,2152.8,2145.2,73,47046780,2255,,,2360.6,1931.4,0,,11:20:12,500,2146.6,1,2150.2,1,,0,,0,,0,,0,,0,,0,,0,,0,644476.4384,20160810
20160810,IH1612,,,2149.2,2146,2146,2252,2147,2152.8,2145.2,73,47046780,2255,,,2360.6,1931.4,0,,11:20:13,0,2146.8,3,2150.2,1,,0,,0,,0,,0,,0,,0,,0,,0,644476.4384,20160810
20160810,IH1612,,,2149.2,2146,2146,2252,2147,2152.8,2145.2,73,47046780,2255,,,2360.6,1931.4,0,,11:20:13,500,2146.8,3,2150.2,1,,0,,0,,0,,0,,0,,0,,0,,0,644476.4384,20160810
20160810,IH1612,,,2149.2,2146,2146,2252,2147,2152.8,2145.2,73,47046780,2255,,,2360.6,1931.4,0,,11:20:23,0,2146.8,3,2150.2,1,,0,,0,,0,,0,,0,,0,,0,,0,644476.4384,20160810
20160810,IH1612,,,2149.2,2146,2146,2252,2147,2152.8,2145.2,73,47046780,2255,,,2360.6,1931.4,0,,11:20:35,0,2147,1,2150.2,1,,0,,0,,0,,0,,0,,0,,0,,0,644476.4384,20160810
20160810,IH1612,,,2149.2,2146,2146,2252,2147,2152.8,2145.2,73,47046780,2255,,,2360.6,1931.4,0,,11:20:35,500,2147.4,1,2150.2,1,,0,,0,,0,,0,,0,,0,,0,,0,644476.4384,20160810
20160810,IH1612,,,2149.2,2146,2146,2252,2147,2152.8,2145.2,73,47046780,2255,,,2360.6,1931.4,0,,11:20:36,0,2147,1,2150.2,1,,0,,0,,0,,0,,0,,0,,0,,0,644476.4384,20160810
20160810,IH1612,,,2149.2,2146,2146,2252,2147,2152.8,2145.2,73,47046780,2255,,,2360.6,1931.4,0,,11:20:37,500,2147,1,2150.2,1,,0,,0,,0,,0,,0,,0,,0,,0,644476.4384,20160810
20160810,IH1612,,,2149.2,2146,2146,2252,2147,2152.8,2145.2,73,47046780,2255,,,2360.6,1931.4,0,,11:20:41,0,2147,1,2150.2,1,,0,,0,,0,,0,,0,,0,,0,,0,644476.4384,20160810
20160810,IH1612,,,2149.2,2146,2146,2252,2147,2152.8,2145.2,73,47046780,2255,,,2360.6,1931.4,0,,11:20:49,500,2147.2,2,2150.2,1,,0,,0,,0,,0,,0,,0,,0,,0,644476.4384,20160810
20160810,IH1612,,,2149.2,2146,2146,2252,2147,2152.8,2145.2,73,47046780,2255,,,2360.6,1931.4,0,,11:20:50,500,2147.2,1,2150.2,1,,0,,0,,0,,0,,0,,0,,0,,0,644476.4384,20160810
20160810,IH1612,,,2149.2,2146,2146,2252,2147,2152.8,2145.2,73,47046780,2255,,,2360.6,1931.4,0,,11:20:51,0,2147.2,1,2149.8,1,,0,,0,,0,,0,,0,,0,,0,,0,644476.4384,20160810
20160810,IH1612,,,2149.2,2146,2146,2252,2147,2152.8,2145.2,73,47046780,2255,,,2360.6,1931.4,0,,11:20:51,500,2147.2,1,2149.8,1,,0,,0,,0,,0,,0,,0,,0,,0,644476.4384,20160810
20160810,IH1612,,,2149.2,2146,2146,2252,2147,2152.8,2145.2,73,47046780,2255,,,2360.6,1931.4,0,,11:20:52,0,2147.2,1,2150,1,,0,,0,,0,,0,,0,,0,,0,,0,644476.4384,20160810
20160810,IH1612,,,2149.2,2146,2146,2252,2147,2152.8,2145.2,73,47046780,2255,,,2360.6,1931.4,0,,11:22:10,500,2147.4,1,2150,1,,0,,0,,0,,0,,0,,0,,0,,0,644476.4384,20160810
20160810,IH1612,,,2149.2,2146,2146,2252,2147,2152.8,2145.2,73,47046780,2255,,,2360.6,1931.4,0,,11:22:15,0,2147.4,1,2149.8,1,,0,,0,,0,,0,,0,,0,,0,,0,644476.4384,20160810
20160810,IH1612,,,2149.2,2146,2146,2252,2147,2152.8,2145.2,73,47046780,2255,,,2360.6,1931.4,0,,11:22:24,500,2147.6,1,2149.8,1,,0,,0,,0,,0,,0,,0,,0,,0,644476.4384,20160810
