20160810,IH1703,,,2141.2,2138.6,2137.4,339,2182.8,2223.4,2137,18,11614320,340,1.797693135e+308,1.797693135e+308,2352.4,1924.8,0,1.797693135e+308,10:26:51,500,2139.8,2,2142.8,1,1.797693135e+308,0,1.797693135e+308,0,1.797693135e+308,0,1.797693135e+308,0,1.797693135e+308,0,1.797693135e+308,0,1.797693135e+308,0,1.797693135e+308,0,645240,20160810
20160810,IH1703,,,2141.2,2138.6,2137.4,339,2182.8,2223.4,2137,18,11614320,340,1.797693135e+308,1.797693135e+308,2352.4,1924.8,0,1.797693135e+308,10:27:05,0,2139.8,2,2142.4,1,1.797693135e+308,0,1.797693135e+308,0,1.797693135e+308,0,1.797693135e+308,0,1.797693135e+308,0,1.797693135e+308,0,1.797693135e+308,0,1.797693135e+308,0,645240,20160810
20160810,IH1703,,,2141.2,2138.6,2137.4,339,2182.8,2223.4,2137,18,11614320,340,1.797693135e+308,1.797693135e+308,2352.4,1924.8,0,1.797693135e+308,10:27:06,500,2135.2,1,2142.8,1,1.797693135e+308,0,1.797693135e+308,0,1.797693135e+308,0,1.797693135e+308,0,1.797693135e+308,0,1.797693135e+308,0,1.797693135e+308,0,1.797693135e+308,0,645240,20160810
20160810,IH1703,,,2141.2,2138.6,2137.4,339,2182.8,2223.4,2137,18,11614320,340,1.797693135e+308,1.797693135e+308,2352.4,1924.8,0,1.797693135e+308,10:27:07,0,2137.4,1,2141.4,1,1.797693135e+308,0,1.797693135e+308,0,1.797693135e+308,0,1.797693135e+308,0,1.797693135e+308,0,1.797693135e+308,0,1.797693135e+308,0,1.797693135e+308,0,645240,20160810
20160810,IH1703,,,2141.2,2138.6,2137.4,339,2182.8,2223.4,2137,18,11614320,340,1.797693135e+308,1.797693135e+308,2352.4,1924.8,0,1.797693135e+308,10:27:07,500,2137.6,1,2142.2,1,1.797693135e+308,0,1.797693135e+308,0,1.797693135e+308,0,1.797693135e+308,0,1.797693135e+308,0,1.797693135e+308,0,1.797693135e+308,0,1.797693135e+308,0,645240,20160810
20160810,IH1703,,,2141.2,2138.6,2137.4,339,2182.8,2223.4,2137,18,11614320,340,1.797693135e+308,1.797693135e+308,2352.4,1924.8,0,1.797693135e+308,10:27:08,0,2137.6,3,2142.8,1,1.797693135e+308,0,1.797693135e+308,0,1.797693135e+308,0,1.797693135e+308,0,1.797693135e+308,0,1.797693135e+308,0,1.797693135e+308,0,1.797693135e+308,0,645240,20160810
20160810,IH1703,,,2141.2,2138.6,2137.4,339,2182.8,2223.4,2137,18,11614320,340,1.797693135e+308,1.797693135e+308,2352.4,1924.8,0,1.797693135e+308,10:27:09,0,2137.6,3,2142.6,1,1.797693135e+308,0,1.797693135e+308,0,1.797693135e+308,0,1.797693135e+308,0,1.797693135e+308,0,1.797693135e+308,0,1.797693135e+308,0,1.797693135e+308,0,645240,20160810
20160810,IH1703,,,2141.2,2138.6,2137.4,339,2182.8,2223.4,2137,18,11614320,340,1.797693135e+308,1.797693135e+308,2352.4,1924.8,0,1.797693135e+308,10:27:09,500,2137.6,3,2142.6,1,1.797693135e+308,0,1.797693135e+308,0,1.797693135e+308,0,1.797693135e+308,0,1.797693135e+308,0,1.797693135e+308,0,1.797693135e+308,0,1.797693135e+308,0,645240,20160810
20160810,IH1703,,,2141.2,2138.6,2137.4,339,2182.8,2223.4,2137,18,11614320,340,1.797693135e+308,1.797693135e+308,2352.4,1924.8,0,1.797693135e+308,10:27:10,0,2137.6,3,2142.6,2,1.797693135e+308,0,1.797693135e+308,0,1.797693135e+308,0,1.797693135e+308,0,1.797693135e+308,0,1.797693135e+308,0,1.797693135e+308,0,1.797693135e+308,0,645240,20160810
20160810,IH1703,,,2141.2,2138.6,2137.4,339,2182.8,2223.4,2137,18,11614320,340,1.797693135e+308,1.797693135e+308,2352.4,1924.8,0,1.797693135e+308,10:27:42,500,2137.6,2,2142.6,2,1.797693135e+308,0,1.797693135e+308,0,1.797693135e+308,0,1.797693135e+308,0,1.797693135e+308,0,1.797693135e+308,0,1.797693135e+308,0,1.797693135e+308,0,645240,20160810
20160810,IH1703,,,2141.2,2138.6,2137.4,339,2182.8,2223.4,2137,18,11614320,340,1.797693135e+308,1.797693135e+308,2352.4,1924.8,0,1.797693135e+308,10:27:43,0,2137.8,1,2142.6,2,1.797693135e+308,0,1.797693135e+308,0,1.797693135e+308,0,1.797693135e+308,0,1.797693135e+308,0,1.797693135e+308,0,1.797693135e+308,0,1.797693135e+308,0,645240,20160810
20160810,IH1703,,,2141.2,2138.6,2137.4,339,2182.8,2223.4,2137,18,11614320,340,1.797693135e+308,1.797693135e+308,2352.4,1924.8,0,1.797693135e+308,10:27:43,500,2137.6,1,2142.6,2,1.797693135e+308,0,1.797693135e+308,0,1.797693135e+308,0,1.797693135e+308,0,1.797693135e+308,0,1.797693135e+308,0,1.797693135e+308,0,1.797693135e+308,0,645240,20160810
20160810,IH1703,,,2141.2,2138.6,2137.4,339,2182.8,2223.4,2137,18,11614320,340,1.797693135e+308,1.797693135e+308,2352.4,1924.8,0,1.797693135e+308,10:27:44,0,2138,2,2142.6,2,1.797693135e+308,0,1.797693135e+308,0,1.797693135e+308,0,1.797693135e+308,0,1.797693135e+308,0,1.797693135e+308,0,1.797693135e+308,0,1.797693135e+308,0,645240,20160810
20160810,IH1703,,,2141.2,2138.6,2137.4,339,2182.8,2223.4,2137,18,11614320,340,1.797693135e+308,1.797693135e+308,2352.4,1924.8,0,1.797693135e+308,10:27:48,500,2138.2,1,2142.6,2,1.797693135e+308,0,1.797693135e+308,0,1.797693135e+308,0,1.797693135e+308,0,1.797693135e+308,0,1.797693135e+308,0,1.797693135e+308,0,1.797693135e+308,0,645240,20160810
20160810,IH1703,,,2141.2,2138.6,2137.4,339,2182.8,2223.4,2137,18,11614320,340,1.797693135e+308,1.797693135e+308,2352.4,1924.8,0,1.797693135e+308,10:27:49,0,2138.4,2,2142.6,2,1.797693135e+308,0,1.797693135e+308,0,1.797693135e+308,0,1.797693135e+308,0,1.797693135e+308,0,1.797693135e+308,0,1.797693135e+308,0,1.797693135e+308,0,645240,20160810
20160810,IH1703,,,2141.2,2138.6,2137.4,339,2182.8,2223.4,2137,18,11614320,340,1.797693135e+308,1.797693135e+308,2352.4,1924.8,0,1.797693135e+308,10:27:49,500,2138.4,2,2142.6,2,1.797693135e+308,0,1.797693135e+308,0,1.797693135e+308,0,1.797693135e+308,0,1.797693135e+308,0,1.797693135e+308,0,1.797693135e+308,0,1.797693135e+308,0,645240,20160810
20160810,IH1703,,,2141.2,2138.6,2137.4,339,2182.8,2223.4,2137,18,11614320,340,1.797693135e+308,1.797693135e+308,2352.4,1924.8,0,1.797693135e+308,10:27:56,0,2138.4,2,2142.6,2,1.797693135e+308,0,1.797693135e+308,0,1.797693135e+308,0,1.797693135e+308,0,1.797693135e+308,0,1.797693135e+308,0,1.797693135e+308,0,1.797693135e+308,0,645240,20160810
20160810,IH1703,,,2141.2,2138.6,2137.4,339,2182.8,2223.4,2137,18,11614320,340,1.797693135e+308,1.797693135e+308,2352.4,1924.8,0,1.797693135e+308,10:27:56,500,2138.4,2,2142.4,1,1.797693135e+308,0,1.797693135e+308,0,1.797693135e+308,0,1.797693135e+308,0,1.797693135e+308,0,1.797693135e+308,0,1.797693135e+308,0,1.797693135e+308,0,645240,20160810
20160810,IH1703,,,2141.2,2138.6,2137.4,339,2182.8,2223.4,2137,18,11614320,340,1.797693135e+308,1.797693135e+308,2352.4,1924.8,0,1.797693135e+308,10:27:57,500,2138.4,2,2142.4,1,1.797693135e+308,0,1.797693135e+308,0,1.797693135e+308,0,1.797693135e+308,0,1.797693135e+308,0,1.797693135e+308,0,1.797693135e+308,0,1.797693135e+308,0,645240,20160810
20160810,IH1703,,,2141.2,2138.6,2137.4,339,2182.8,2223.4,2137,18,11614320,340,1.797693135e+308,1.797693135e+308,2352.4,1924.8,0,1.797693135e+308,10:28:19,0,2138.4,2,2142.4,1,1.797693135e+308,0,1.797693135e+308,0,1.797693135e+308,0,1.797693135e+308,0,1.797693135e+308,0,1.797693135e+308,0,1.797693135e+308,0,1.797693135e+308,0,645240,20160810
20160810,IH1703,,,2141.2,2138.6,2137.4,339,2182.8,2223.4,2137,18,11614320,340,1.797693135e+308,1.797693135e+308,2352.4,1924.8,0,1.797693135e+308,10:28:30,500,2138.6,1,2142.4,1,1.797693135e+308,0,1.797693135e+308,0,1.797693135e+308,0,1.797693135e+308,0,1.797693135e+308,0,1.797693135e+308,0,1.797693135e+308,0,1.797693135e+308,0,645240,20160810
20160810,IH1703,,,2141.2,2138.6,2137.4,339,2182.8,2223.4,2137,18,11614320,340,1.797693135e+308,1.797693135e+308,2352.4,1924.8,0,1.797693135e+308,10:28:31,0,2138.8,2,2142.4,1,1.797693135e+308,0,1.797693135e+308,0,1.797693135e+308,0,1.797693135e+308,0,1.797693135e+308,0,1.797693135e+308,0,1.797693135e+308,0,1.797693135e+308,0,645240,20160810
20160810,IH1703,,,2141.2,2138.6,2137.4,339,2182.8,2223.4,2137,18,11614320,340,1.797693135e+308,1.797693135e+308,2352.4,1924.8,0,1.797693135e+308,10:28:31,500,2138.8,2,2142.4,1,1.797693135e+308,0,1.797693135e+308,0,1.797693135e+308,0,1.797693135e+308,0,1.797693135e+308,0,1.797693135e+308,0,1.797693135e+308,0,1.797693135e+308,0,645240,20160810
20160810,IH1703,,,2141.2,2138.6,2137.4,339,2182.8,2223.4,2137,18,11614320,340,1.797693135e+308,1.797693135e+308,2352.4,1924.8,0,1.797693135e+308,10:28:34,0,2138.8,3,2142.4,1,1.797693135e+308,0,1.797693135e+308,0,1.797693135e+308,0,1.797693135e+308,0,1.797693135e+308,0,1.797693135e+308,0,1.797693135e+308,0,1.797693135e+308,0,645240,20160810
20160810,IH1703,,,2141.2,2138.6,2137.4,339,2182.8,2223.4,2137,18,11614320,340,1.797693135e+308,1.797693135e+308,2352.4,1924.8,0,1.797693135e+308,10:29:16,0,2138.8,3,2142.4,1,1.797693135e+308,0,1.797693135e+308,0,1.797693135e+308,0,1.797693135e+308,0,1.797693135e+308,0,1.797693135e+308,0,1.797693135e+308,0,1.797693135e+308,0,645240,20160810
20160810,IH1703,,,2141.2,2138.6,2137.4,339,2182.8,2223.4,2137,18,11614320,340,1.797693135e+308,1.797693135e+308,2352.4,1924.8,0,1.797693135e+308,10:29:27,500,2139.6,1,2142.4,1,1.797693135e+308,0,1.797693135e+308,0,1.797693135e+308,0,1.797693135e+308,0,1.797693135e+308,0,1.797693135e+308,0,1.797693135e+308,0,1.797693135e+308,0,645240,20160810
20160810,IH1703,,,2141.2,2138.6,2137.4,339,2182.8,2223.4,2137,18,11614320,340,1.797693135e+308,1.797693135e+308,2352.4,1924.8,0,1.797693135e+308,10:29:28,0,2139.8,1,2142.4,1,1.797693135e+308,0,1.797693135e+308,0,1.797693135e+308,0,1.797693135e+308,0,1.797693135e+308,0,1.797693135e+308,0,1.797693135e+308,0,1.797693135e+308,0,645240,20160810
20160810,IH1703,,,2141.2,2138.6,2137.4,339,2182.8,2223.4,2137,18,11614320,340,1.797693135e+308,1.797693135e+308,2352.4,1924.8,0,1.797693135e+308,10:29:28,500,2139.8,2,2142.4,1,1.797693135e+308,0,1.797693135e+308,0,1.797693135e+308,0,1.797693135e+308,0,1.797693135e+308,0,1.797693135e+308,0,1.797693135e+308,0,1.797693135e+308,0,645240,20160810
20160810,IH1703,,,2141.2,2138.6,2137.4,339,2182.8,2223.4,2137,18,11614320,340,1.797693135e+308,1.797693135e+308,2352.4,1924.8,0,1.797693135e+308,10:29:36,0,2139.8,2,2142.4,1,1.797693135e+308,0,1.797693135e+308,0,1.797693135e+308,0,1.797693135e+308,0,1.797693135e+308,0,1.797693135e+308,0,1.797693135e+308,0,1.797693135e+308,0,645240,20160810
20160810,IH1703,,,2141.2,2138.6,2137.4,339,2182.8,2223.4,2137,18,11614320,340,1.797693135e+308,1.797693135e+308,2352.4,1924.8,0,1.797693135e+308,10:29:54,0,2140.2,1,2142.4,1,1.797693135e+308,0,1.797693135e+308,0,1.797693135e+308,0,1.797693135e+308,0,1.797693135e+308,0,1.797693135e+308,0,1.797693135e+308,0,1.797693135e+308,0,645240,20160810
20160810,IH1703,,,2141.2,2138.6,2137.4,339,2182.8,2223.4,2137,18,11614320,340,1.797693135e+308,1.797693135e+308,2352.4,1924.8,0,1.797693135e+308,10:30:48,0,2140.2,1,2168.8,1,1.797693135e+308,0,1.797693135e+308,0,1.797693135e+308,0,1.797693135e+308,0,1.797693135e+308,0,1.797693135e+308,0,1.797693135e+308,0,1.797693135e+308,0,645240,20160810
20160810,IH1703,,,2141.2,2138.6,2137.4,339,2182.8,2223.4,2137,18,11614320,340,1.797693135e+308,1.797693135e+308,2352.4,1924.8,0,1.797693135e+308,10:30:48,500,2140.4,1,2144.4,1,1.797693135e+308,0,1.797693135e+308,0,1.797693135e+308,0,1.797693135e+308,0,1.797693135e+308,0,1.797693135e+308,0,1.797693135e+308,0,1.797693135e+308,0,645240,20160810
20160810,IH1703,,,2141.2,2138.6,2137.4,339,2182.8,2223.4,2137,18,11614320,340,1.797693135e+308,1.797693135e+308,2352.4,1924.8,0,1.797693135e+308,10:30:49,0,2140.2,1,2144.4,1,1.797693135e+308,0,1.797693135e+308,0,1.797693135e+308,0,1.797693135e+308,0,1.797693135e+308,0,1.797693135e+308,0,1.797693135e+308,0,1.797693135e+308,0,645240,20160810
20160810,IH1703,,,2142.4,2138.6,2137.4,339,2182.8,2223.4,2137,19,12257040,340,1.797693135e+308,1.797693135e+308,2352.4,1924.8,0,1.797693135e+308,10:33:01,500,2141.2,2,2143.4,2,1.797693135e+308,0,1.797693135e+308,0,1.797693135e+308,0,1.797693135e+308,0,1.797693135e+308,0,1.797693135e+308,0,1.797693135e+308,0,1.797693135e+308,0,645107.3684,20160810
20160810,IH1703,,,2142.4,2138.6,2137.4,339,2182.8,2223.4,2137,19,12257040,340,1.797693135e+308,1.797693135e+308,2352.4,1924.8,0,1.797693135e+308,10:33:01,500,2141.2,2,2143.4,2,1.797693135e+308,0,1.797693135e+308,0,1.797693135e+308,0,1.797693135e+308,0,1.797693135e+308,0,1.797693135e+308,0,1.797693135e+308,0,1.797693135e+308,0,645107.3684,20160810
20160810,IH1703,,,2140.2,2138.6,2137.4,339,2182.8,2223.4,2137,21,13541400,341,,,2352.4,1924.8,0,,10:43:06,0,2138.2,2,2140.4,1,1.797693135e+308,0,1.797693135e+308,0,1.797693135e+308,0,1.797693135e+308,0,1.797693135e+308,0,1.797693135e+308,0,1.797693135e+308,0,1.797693135e+308,0,644828.5714,20160810
20160810,IH1703,,,2143.2,2138.6,2137.4,339,2182.8,2223.4,2137,23,14827260,341,,,2352.4,1924.8,0,,10:59:01,500,2141.4,1,2143,1,,0,,0,,0,,0,,0,,0,,0,,0,644663.4783,20160810
20160810,IH1703,,,2143,2138.6,2137.4,339,2182.8,2223.4,2137,24,15470160,341,,,2352.4,1924.8,0,,10:59:26,500,2141.4,1,2143.4,1,,0,,0,,0,,0,,0,,0,,0,,0,644590,20160810
20160810,IH1703,,,2143,2138.6,2137.4,339,2182.8,2223.4,2137,24,15470160,341,,,2352.4,1924.8,0,,11:00:39,0,2141.2,1,2143.4,1,,0,,0,,0,,0,,0,,0,,0,,0,644590,20160810
20160810,IH1703,,,2143,2138.6,2137.4,339,2182.8,2223.4,2137,24,15470160,341,,,2352.4,1924.8,0,,11:01:06,0,2141.2,1,2142.4,1,,0,,0,,0,,0,,0,,0,,0,,0,644590,20160810
20160810,IH1703,,,2143,2138.6,2137.4,339,2182.8,2223.4,2137,24,15470160,341,,,2352.4,1924.8,0,,11:01:06,500,2141,1,2143.4,1,,0,,0,,0,,0,,0,,0,,0,,0,644590,20160810
20160810,IH1703,,,2143,2138.6,2137.4,339,2182.8,2223.4,2137,24,15470160,341,,,2352.4,1924.8,0,,11:01:07,0,2141.2,1,2142.4,1,,0,,0,,0,,0,,0,,0,,0,,0,644590,20160810
20160810,IH1703,,,2143,2138.6,2137.4,339,2182.8,2223.4,2137,24,15470160,341,,,2352.4,1924.8,0,,11:01:07,500,2141,1,2142.4,1,,0,,0,,0,,0,,0,,0,,0,,0,644590,20160810
20160810,IH1703,,,2143,2138.6,2137.4,339,2182.8,2223.4,2137,24,15470160,341,,,2352.4,1924.8,0,,11:02:36,500,2141.2,1,2142.4,1,,0,,0,,0,,0,,0,,0,,0,,0,644590,20160810
20160810,IH1703,,,2143,2138.6,2137.4,339,2182.8,2223.4,2137,24,15470160,341,,,2352.4,1924.8,0,,11:02:42,500,2141,1,2142.4,1,,0,,0,,0,,0,,0,,0,,0,,0,644590,20160810
20160810,IH1703,,,2143,2138.6,2137.4,339,2182.8,2223.4,2137,24,15470160,341,,,2352.4,1924.8,0,,11:03:59,0,2141,1,2142.4,1,,0,,0,,0,,0,,0,,0,,0,,0,644590,20160810
20160810,IH1703,,,2141,2138.6,2137.4,339,2182.8,2223.4,2137,25,16112460,341,,,2352.4,1924.8,0,,11:04:53,0,2135,1,2142.4,1,,0,,0,,0,,0,,0,,0,,0,,0,644498.4,20160810
20160810,IH1703,,,2141,2138.6,2137.4,339,2182.8,2223.4,2137,25,16112460,341,,,2352.4,1924.8,0,,11:04:53,500,2140.4,1,2143.4,1,,0,,0,,0,,0,,0,,0,,0,,0,644498.4,20160810
20160810,IH1703,,,2141,2138.6,2137.4,339,2182.8,2223.4,2137,25,16112460,341,,,2352.4,1924.8,0,,11:04:54,0,2140.6,1,2143.4,1,,0,,0,,0,,0,,0,,0,,0,,0,644498.4,20160810
20160810,IH1703,,,2141,2138.6,2137.4,339,2182.8,2223.4,2137,25,16112460,341,,,2352.4,1924.8,0,,11:04:54,500,2140.6,1,2143.4,1,,0,,0,,0,,0,,0,,0,,0,,0,644498.4,20160810
20160810,IH1703,,,2141,2138.6,2137.4,339,2182.8,2223.4,2137,25,16112460,341,,,2352.4,1924.8,0,,11:05:00,0,2140.6,1,2143.4,1,,0,,0,,0,,0,,0,,0,,0,,0,644498.4,20160810
20160810,IH1703,,,2141,2138.6,2137.4,339,2182.8,2223.4,2137,25,16112460,341,,,2352.4,1924.8,0,,11:05:05,500,2140.6,1,2143.2,1,,0,,0,,0,,0,,0,,0,,0,,0,644498.4,20160810
20160810,IH1703,,,2141,2138.6,2137.4,339,2182.8,2223.4,2137,25,16112460,341,,,2352.4,1924.8,0,,11:06:37,500,2140.6,1,2143.4,1,,0,,0,,0,,0,,0,,0,,0,,0,644498.4,20160810
20160810,IH1703,,,2141,2138.6,2137.4,339,2182.8,2223.4,2137,25,16112460,341,,,2352.4,1924.8,0,,11:06:38,500,2140.8,1,2143.4,1,,0,,0,,0,,0,,0,,0,,0,,0,644498.4,20160810
20160810,IH1703,,,2141,2138.6,2137.4,339,2182.8,2223.4,2137,25,16112460,341,,,2352.4,1924.8,0,,11:06:39,0,2141,1,2143.4,1,,0,,0,,0,,0,,0,,0,,0,,0,644498.4,20160810
20160810,IH1703,,,2141,2138.6,2137.4,339,2182.8,2223.4,2137,25,16112460,341,,,2352.4,1924.8,0,,11:06:40,0,2141.2,1,2143.4,1,,0,,0,,0,,0,,0,,0,,0,,0,644498.4,20160810
20160810,IH1703,,,2141,2138.6,2137.4,339,2182.8,2223.4,2137,25,16112460,341,,,2352.4,1924.8,0,,11:07:42,500,2141.2,1,2143,2,,0,,0,,0,,0,,0,,0,,0,,0,644498.4,20160810
20160810,IH1703,,,2141,2138.6,2137.4,339,2182.8,2223.4,2137,25,16112460,341,,,2352.4,1924.8,0,,11:09:15,500,2141.2,1,2142.8,1,,0,,0,,0,,0,,0,,0,,0,,0,644498.4,20160810
20160810,IH1703,,,2141,2138.6,2137.4,339,2182.8,2223.4,2137,27,17397060,341,,,2352.4,1924.8,0,,11:09:38,500,2135,1,2140,3,,0,,0,,0,,0,,0,,0,,0,,0,644335.5556,20160810
20160810,IH1703,,,2141,2138.6,2137.4,339,2182.8,2223.4,2137,27,17397060,341,,,2352.4,1924.8,0,,11:09:39,0,2138.4,1,2140,3,,0,,0,,0,,0,,0,,0,,0,,0,644335.5556,20160810
20160810,IH1703,,,2141,2138.6,2137.4,339,2182.8,2223.4,2137,27,17397060,341,,,2352.4,1924.8,0,,11:09:39,500,2138.6,1,2140,3,,0,,0,,0,,0,,0,,0,,0,,0,644335.5556,20160810
20160810,IH1703,,,2141,2138.6,2137.4,339,2182.8,2223.4,2137,27,17397060,341,,,2352.4,1924.8,0,,11:10:09,500,2138.8,1,2140,3,,0,,0,,0,,0,,0,,0,,0,,0,644335.5556,20160810
20160810,IH1703,,,2141,2138.6,2137.4,339,2182.8,2223.4,2137,27,17397060,341,,,2352.4,1924.8,0,,11:10:10,0,2139,1,2140,3,,0,,0,,0,,0,,0,,0,,0,,0,644335.5556,20160810
20160810,IH1703,,,2141,2138.6,2137.4,339,2182.8,2223.4,2137,27,17397060,341,,,2352.4,1924.8,0,,11:10:47,0,2139,1,2140,3,,0,,0,,0,,0,,0,,0,,0,,0,644335.5556,20160810
20160810,IH1703,,,2141,2138.6,2137.4,339,2182.8,2223.4,2137,27,17397060,341,,,2352.4,1924.8,0,,11:10:57,0,2139.6,1,2140,3,,0,,0,,0,,0,,0,,0,,0,,0,644335.5556,20160810
20160810,IH1703,,,2141,2138.6,2137.4,339,2182.8,2223.4,2137,27,17397060,341,,,2352.4,1924.8,0,,11:11:53,500,2139.6,1,2140,3,,0,,0,,0,,0,,0,,0,,0,,0,644335.5556,20160810
20160810,IH1703,,,2140.6,2138.6,2137.4,339,2182.8,2223.4,2137,28,18039240,341,,,2352.4,1924.8,0,,11:12:00,500,2139.6,1,2140,2,,0,,0,,0,,0,,0,,0,,0,,0,644258.5714,20160810
20160810,IH1703,,,2140,2138.6,2137.4,339,2182.8,2223.4,2137,29,18681240,342,,,2352.4,1924.8,0,,11:12:05,0,2139.6,1,2140,1,,0,,0,,0,,0,,0,,0,,0,,0,644180.6897,20160810
20160810,IH1703,,,2140,2138.6,2137.4,339,2182.8,2223.4,2137,29,18681240,342,,,2352.4,1924.8,0,,11:12:05,500,2138.8,1,2140,1,,0,,0,,0,,0,,0,,0,,0,,0,644180.6897,20160810
20160810,IH1703,,,2140,2138.6,2137.4,339,2182.8,2223.4,2137,30,19323240,343,,,2352.4,1924.8,0,,11:12:06,0,2138.8,2,2142.8,1,,0,,0,,0,,0,,0,,0,,0,,0,644108,20160810
20160810,IH1703,,,2140,2138.6,2137.4,339,2182.8,2223.4,2137,30,19323240,343,,,2352.4,1924.8,0,,11:12:06,500,2139,1,2142.6,1,,0,,0,,0,,0,,0,,0,,0,,0,644108,20160810
20160810,IH1703,,,2140,2138.6,2137.4,339,2182.8,2223.4,2137,30,19323240,343,,,2352.4,1924.8,0,,11:12:08,500,2139,2,2142.6,1,,0,,0,,0,,0,,0,,0,,0,,0,644108,20160810
20160810,IH1703,,,2140,2138.6,2137.4,339,2182.8,2223.4,2137,30,19323240,343,,,2352.4,1924.8,0,,11:12:10,500,2139.2,1,2142.6,1,,0,,0,,0,,0,,0,,0,,0,,0,644108,20160810
20160810,IH1703,,,2140,2138.6,2137.4,339,2182.8,2223.4,2137,30,19323240,343,,,2352.4,1924.8,0,,11:12:11,0,2139.4,1,2142.6,1,,0,,0,,0,,0,,0,,0,,0,,0,644108,20160810
20160810,IH1703,,,2140,2138.6,2137.4,339,2182.8,2223.4,2137,30,19323240,343,,,2352.4,1924.8,0,,11:12:15,500,2139.6,1,2142.6,1,,0,,0,,0,,0,,0,,0,,0,,0,644108,20160810
20160810,IH1703,,,2140,2138.6,2137.4,339,2182.8,2223.4,2137,30,19323240,343,,,2352.4,1924.8,0,,11:12:16,0,2139.8,1,2142.6,1,,0,,0,,0,,0,,0,,0,,0,,0,644108,20160810
20160810,IH1703,,,2140,2138.6,2137.4,339,2182.8,2223.4,2137,30,19323240,343,,,2352.4,1924.8,0,,11:12:23,500,2139.8,2,2142.6,1,,0,,0,,0,,0,,0,,0,,0,,0,644108,20160810
20160810,IH1703,,,2140,2138.6,2137.4,339,2182.8,2223.4,2137,30,19323240,343,,,2352.4,1924.8,0,,11:12:25,500,2139.8,2,2142.6,1,,0,,0,,0,,0,,0,,0,,0,,0,644108,20160810
20160810,IH1703,,,2140,2138.6,2137.4,339,2182.8,2223.4,2137,30,19323240,343,,,2352.4,1924.8,0,,11:13:49,0,2140,1,2142.6,1,,0,,0,,0,,0,,0,,0,,0,,0,644108,20160810
20160810,IH1703,,,2140,2138.6,2137.4,339,2182.8,2223.4,2137,30,19323240,343,,,2352.4,1924.8,0,,11:13:49,500,2140.2,1,2142.6,1,,0,,0,,0,,0,,0,,0,,0,,0,644108,20160810
20160810,IH1703,,,2140,2138.6,2137.4,339,2182.8,2223.4,2137,32,20607240,344,,,2352.4,1924.8,0,,11:13:56,500,2139.8,1,2140,3,,0,,0,,0,,0,,0,,0,,0,,0,643976.25,20160810
20160810,IH1703,,,2140,2138.6,2137.4,339,2182.8,2223.4,2137,34,21891240,346,,,2352.4,1924.8,0,,11:13:57,0,2139.8,1,2140,1,,0,,0,,0,,0,,0,,0,,0,,0,643860,20160810
20160810,IH1703,,,2140,2138.6,2137.4,339,2182.8,2223.4,2137,34,21891240,346,,,2352.4,1924.8,0,,11:13:57,500,2138.8,1,2140,1,,0,,0,,0,,0,,0,,0,,0,,0,643860,20160810
20160810,IH1703,,,2140,2138.6,2137.4,339,2182.8,2223.4,2137,34,21891240,346,,,2352.4,1924.8,0,,11:13:58,0,2139.6,1,2140,1,,0,,0,,0,,0,,0,,0,,0,,0,643860,20160810
20160810,IH1703,,,2140,2138.6,2137.4,339,2182.8,2223.4,2137,35,22533240,347,,,2352.4,1924.8,0,,11:14:00,0,2139.6,1,2142.6,1,,0,,0,,0,,0,,0,,0,,0,,0,643806.8571,20160810
20160810,IH1703,,,2140,2138.6,2137.4,339,2182.8,2223.4,2137,35,22533240,347,,,2352.4,1924.8,0,,11:14:15,500,2138.8,1,2142.6,1,,0,,0,,0,,0,,0,,0,,0,,0,643806.8571,20160810
20160810,IH1703,,,2140,2138.6,2137.4,339,2182.8,2223.4,2137,35,22533240,347,,,2352.4,1924.8,0,,11:15:25,0,2138.8,1,2142.4,1,,0,,0,,0,,0,,0,,0,,0,,0,643806.8571,20160810
20160810,IH1703,,,2140,2138.6,2137.4,339,2182.8,2223.4,2137,35,22533240,347,,,2352.4,1924.8,0,,11:15:25,500,2138.8,1,2142.4,1,,0,,0,,0,,0,,0,,0,,0,,0,643806.8571,20160810
20160810,IH1703,,,2140,2138.6,2137.4,339,2182.8,2223.4,2137,35,22533240,347,,,2352.4,1924.8,0,,11:15:26,0,2138.8,1,2142.2,1,,0,,0,,0,,0,,0,,0,,0,,0,643806.8571,20160810
20160810,IH1703,,,2140,2138.6,2137.4,339,2182.8,2223.4,2137,35,22533240,347,,,2352.4,1924.8,0,,11:15:29,500,2138.8,1,2142.2,1,,0,,0,,0,,0,,0,,0,,0,,0,643806.8571,20160810
20160810,IH1703,,,2140,2138.6,2137.4,339,2182.8,2223.4,2137,35,22533240,347,,,2352.4,1924.8,0,,11:15:38,0,2138.8,1,2142.2,1,,0,,0,,0,,0,,0,,0,,0,,0,643806.8571,20160810
20160810,IH1703,,,2140,2138.6,2137.4,339,2182.8,2223.4,2137,35,22533240,347,,,2352.4,1924.8,0,,11:15:38,500,2138.8,1,2142,1,,0,,0,,0,,0,,0,,0,,0,,0,643806.8571,20160810
20160810,IH1703,,,2140,2138.6,2137.4,339,2182.8,2223.4,2137,35,22533240,347,,,2352.4,1924.8,0,,11:15:39,0,2138.8,1,2142,1,,0,,0,,0,,0,,0,,0,,0,,0,643806.8571,20160810
20160810,IH1703,,,2140,2138.6,2137.4,339,2182.8,2223.4,2137,35,22533240,347,,,2352.4,1924.8,0,,11:15:39,500,2138.8,1,2141.8,1,,0,,0,,0,,0,,0,,0,,0,,0,643806.8571,20160810
20160810,IH1703,,,2140,2138.6,2137.4,339,2182.8,2223.4,2137,35,22533240,347,,,2352.4,1924.8,0,,11:15:47,0,2138.8,1,2141.6,1,,0,,0,,0,,0,,0,,0,,0,,0,643806.8571,20160810
20160810,IH1703,,,2140,2138.6,2137.4,339,2182.8,2223.4,2137,35,22533240,347,,,2352.4,1924.8,0,,11:15:48,0,2138.8,1,2141.4,1,,0,,0,,0,,0,,0,,0,,0,,0,643806.8571,20160810
20160810,IH1703,,,2140,2138.6,2137.4,339,2182.8,2223.4,2137,35,22533240,347,,,2352.4,1924.8,0,,11:16:26,500,2138.8,1,2141.4,2,,0,,0,,0,,0,,0,,0,,0,,0,643806.8571,20160810
20160810,IH1703,,,2140,2138.6,2137.4,339,2182.8,2223.4,2137,35,22533240,347,,,2352.4,1924.8,0,,11:16:34,0,2138.8,1,2141.4,2,,0,,0,,0,,0,,0,,0,,0,,0,643806.8571,20160810
20160810,IH1703,,,2140,2138.6,2137.4,339,2182.8,2223.4,2137,35,22533240,347,,,2352.4,1924.8,0,,11:16:34,500,2138.8,1,2140.8,1,,0,,0,,0,,0,,0,,0,,0,,0,643806.8571,20160810
20160810,IH1703,,,2140,2138.6,2137.4,339,2182.8,2223.4,2137,35,22533240,347,,,2352.4,1924.8,0,,11:16:35,500,2138.8,1,2140.8,2,,0,,0,,0,,0,,0,,0,,0,,0,643806.8571,20160810
20160810,IH1703,,,2140,2138.6,2137.4,339,2182.8,2223.4,2137,35,22533240,347,,,2352.4,1924.8,0,,11:16:36,500,2135,1,2140.6,1,,0,,0,,0,,0,,0,,0,,0,,0,643806.8571,20160810
20160810,IH1703,,,2140,2138.6,2137.4,339,2182.8,2223.4,2137,35,22533240,347,,,2352.4,1924.8,0,,11:16:37,0,2135,1,2140.6,2,,0,,0,,0,,0,,0,,0,,0,,0,643806.8571,20160810
20160810,IH1703,,,2140,2138.6,2137.4,339,2182.8,2223.4,2137,35,22533240,347,,,2352.4,1924.8,0,,11:16:37,500,2135.4,1,2140.4,1,,0,,0,,0,,0,,0,,0,,0,,0,643806.8571,20160810
20160810,IH1703,,,2140,2138.6,2137.4,339,2182.8,2223.4,2137,35,22533240,347,,,2352.4,1924.8,0,,11:16:38,0,2135.4,1,2140.4,2,,0,,0,,0,,0,,0,,0,,0,,0,643806.8571,20160810
20160810,IH1703,,,2140,2138.6,2137.4,339,2182.8,2223.4,2137,35,22533240,347,,,2352.4,1924.8,0,,11:16:38,500,2135,1,2140.4,2,,0,,0,,0,,0,,0,,0,,0,,0,643806.8571,20160810
20160810,IH1703,,,2140,2138.6,2137.4,339,2182.8,2223.4,2137,35,22533240,347,,,2352.4,1924.8,0,,11:16:49,0,2135.2,1,2140.4,2,,0,,0,,0,,0,,0,,0,,0,,0,643806.8571,20160810
20160810,IH1703,,,2140,2138.6,2137.4,339,2182.8,2223.4,2137,35,22533240,347,,,2352.4,1924.8,0,,11:16:50,500,2135.6,1,2140.4,2,,0,,0,,0,,0,,0,,0,,0,,0,643806.8571,20160810
20160810,IH1703,,,2140,2138.6,2137.4,339,2182.8,2223.4,2137,35,22533240,347,,,2352.4,1924.8,0,,11:16:59,500,2135.6,1,2140.4,2,,0,,0,,0,,0,,0,,0,,0,,0,643806.8571,20160810
20160810,IH1703,,,2140,2138.6,2137.4,339,2182.8,2223.4,2137,35,22533240,347,,,2352.4,1924.8,0,,11:17:09,500,2135.2,1,2140.4,2,,0,,0,,0,,0,,0,,0,,0,,0,643806.8571,20160810
20160810,IH1703,,,2140,2138.6,2137.4,339,2182.8,2223.4,2137,35,22533240,347,,,2352.4,1924.8,0,,11:17:10,0,2135.4,1,2140.4,2,,0,,0,,0,,0,,0,,0,,0,,0,643806.8571,20160810
20160810,IH1703,,,2140,2138.6,2137.4,339,2182.8,2223.4,2137,35,22533240,347,,,2352.4,1924.8,0,,11:17:12,500,2136,1,2140.4,1,,0,,0,,0,,0,,0,,0,,0,,0,643806.8571,20160810
20160810,IH1703,,,2140,2138.6,2137.4,339,2182.8,2223.4,2137,35,22533240,347,,,2352.4,1924.8,0,,11:17:13,0,2135.4,1,2140.4,1,,0,,0,,0,,0,,0,,0,,0,,0,643806.8571,20160810
20160810,IH1703,,,2140,2138.6,2137.4,339,2182.8,2223.4,2137,35,22533240,347,,,2352.4,1924.8,0,,11:17:17,0,2135.4,1,2137,1,,0,,0,,0,,0,,0,,0,,0,,0,643806.8571,20160810
20160810,IH1703,,,2140,2138.6,2137.4,339,2182.8,2223.4,2137,35,22533240,347,,,2352.4,1924.8,0,,11:17:17,500,2135.4,1,2137,1,,0,,0,,0,,0,,0,,0,,0,,0,643806.8571,20160810
20160810,IH1703,,,2137.2,2138.6,2137.4,339,2182.8,2223.4,2137,36,23174400,347,,,2352.4,1924.8,0,,11:17:26,0,2135.4,1,2140.4,1,,0,,0,,0,,0,,0,,0,,0,,0,643733.3333,20160810
20160810,IH1703,,,2137.2,2138.6,2137.4,339,2182.8,2223.4,2137,36,23174400,347,,,2352.4,1924.8,0,,11:17:27,0,2135.4,1,2140.2,1,,0,,0,,0,,0,,0,,0,,0,,0,643733.3333,20160810
20160810,IH1703,,,2137.2,2138.6,2137.4,339,2182.8,2223.4,2137,36,23174400,347,,,2352.4,1924.8,0,,11:17:27,500,2135.4,1,2140,1,,0,,0,,0,,0,,0,,0,,0,,0,643733.3333,20160810
20160810,IH1703,,,2137.2,2138.6,2137.4,339,2182.8,2223.4,2137,36,23174400,347,,,2352.4,1924.8,0,,11:17:28,0,2135.4,1,2140,2,,0,,0,,0,,0,,0,,0,,0,,0,643733.3333,20160810
20160810,IH1703,,,2137.2,2138.6,2137.4,339,2182.8,2223.4,2137,36,23174400,347,,,2352.4,1924.8,0,,11:17:30,0,2135.4,1,2140,1,,0,,0,,0,,0,,0,,0,,0,,0,643733.3333,20160810
20160810,IH1703,,,2137.2,2138.6,2137.4,339,2182.8,2223.4,2137,36,23174400,347,,,2352.4,1924.8,0,,11:17:31,0,2135.2,1,2140,1,,0,,0,,0,,0,,0,,0,,0,,0,643733.3333,20160810
20160810,IH1703,,,2137.2,2138.6,2137.4,339,2182.8,2223.4,2137,36,23174400,347,,,2352.4,1924.8,0,,11:17:35,0,2135.2,2,2140,1,,0,,0,,0,,0,,0,,0,,0,,0,643733.3333,20160810
20160810,IH1703,,,2137.2,2138.6,2137.4,339,2182.8,2223.4,2137,36,23174400,347,,,2352.4,1924.8,0,,11:17:54,0,2135.2,2,2140,1,,0,,0,,0,,0,,0,,0,,0,,0,643733.3333,20160810
20160810,IH1703,,,2137.2,2138.6,2137.4,339,2182.8,2223.4,2137,36,23174400,347,,,2352.4,1924.8,0,,11:18:05,500,2135.6,1,2140,1,,0,,0,,0,,0,,0,,0,,0,,0,643733.3333,20160810
20160810,IH1703,,,2137.2,2138.6,2137.4,339,2182.8,2223.4,2137,36,23174400,347,,,2352.4,1924.8,0,,11:18:06,0,2135.6,2,2140,1,,0,,0,,0,,0,,0,,0,,0,,0,643733.3333,20160810
20160810,IH1703,,,2137.2,2138.6,2137.4,339,2182.8,2223.4,2137,36,23174400,347,,,2352.4,1924.8,0,,11:18:26,500,2135.6,1,2140,1,,0,,0,,0,,0,,0,,0,,0,,0,643733.3333,20160810
20160810,IH1703,,,2137.2,2138.6,2137.4,339,2182.8,2223.4,2137,36,23174400,347,,,2352.4,1924.8,0,,11:18:27,500,2136,1,2140,1,,0,,0,,0,,0,,0,,0,,0,,0,643733.3333,20160810
20160810,IH1703,,,2137.2,2138.6,2137.4,339,2182.8,2223.4,2137,36,23174400,347,,,2352.4,1924.8,0,,11:18:28,0,2136.2,1,2140,1,,0,,0,,0,,0,,0,,0,,0,,0,643733.3333,20160810
20160810,IH1703,,,2137.2,2138.6,2137.4,339,2182.8,2223.4,2137,36,23174400,347,,,2352.4,1924.8,0,,11:18:28,500,2136.2,1,2140,1,,0,,0,,0,,0,,0,,0,,0,,0,643733.3333,20160810
20160810,IH1703,,,2137.2,2138.6,2137.4,339,2182.8,2223.4,2137,36,23174400,347,,,2352.4,1924.8,0,,11:18:29,500,2135.2,1,2140,1,,0,,0,,0,,0,,0,,0,,0,,0,643733.3333,20160810
20160810,IH1703,,,2137.2,2138.6,2137.4,339,2182.8,2223.4,2137,36,23174400,347,,,2352.4,1924.8,0,,11:18:30,0,2136,1,2140,1,,0,,0,,0,,0,,0,,0,,0,,0,643733.3333,20160810
20160810,IH1703,,,2137.2,2138.6,2137.4,339,2182.8,2223.4,2137,36,23174400,347,,,2352.4,1924.8,0,,11:18:30,500,2136,2,2140,1,,0,,0,,0,,0,,0,,0,,0,,0,643733.3333,20160810
20160810,IH1703,,,2137.2,2138.6,2137.4,339,2182.8,2223.4,2137,36,23174400,347,,,2352.4,1924.8,0,,11:18:32,0,2136,1,2140,1,,0,,0,,0,,0,,0,,0,,0,,0,643733.3333,20160810
20160810,IH1703,,,2137.2,2138.6,2137.4,339,2182.8,2223.4,2137,36,23174400,347,,,2352.4,1924.8,0,,11:18:33,500,2136.2,1,2140,1,,0,,0,,0,,0,,0,,0,,0,,0,643733.3333,20160810
20160810,IH1703,,,2137.2,2138.6,2137.4,339,2182.8,2223.4,2137,36,23174400,347,,,2352.4,1924.8,0,,11:18:34,0,2136.2,1,2140,1,,0,,0,,0,,0,,0,,0,,0,,0,643733.3333,20160810
20160810,IH1703,,,2137.2,2138.6,2137.4,339,2182.8,2223.4,2137,36,23174400,347,,,2352.4,1924.8,0,,11:18:34,500,2136.2,1,2140,1,,0,,0,,0,,0,,0,,0,,0,,0,643733.3333,20160810
20160810,IH1703,,,2137.2,2138.6,2137.4,339,2182.8,2223.4,2137,36,23174400,347,,,2352.4,1924.8,0,,11:18:35,0,2135.2,1,2140,1,,0,,0,,0,,0,,0,,0,,0,,0,643733.3333,20160810
20160810,IH1703,,,2137.2,2138.6,2137.4,339,2182.8,2223.4,2137,36,23174400,347,,,2352.4,1924.8,0,,11:18:35,500,2135.2,2,2140,1,,0,,0,,0,,0,,0,,0,,0,,0,643733.3333,20160810
20160810,IH1703,,,2137.2,2138.6,2137.4,339,2182.8,2223.4,2137,36,23174400,347,,,2352.4,1924.8,0,,11:18:36,0,2136,1,2140,1,,0,,0,,0,,0,,0,,0,,0,,0,643733.3333,20160810
20160810,IH1703,,,2137.2,2138.6,2137.4,339,2182.8,2223.4,2137,36,23174400,347,,,2352.4,1924.8,0,,11:18:36,500,2136.2,1,2140,1,,0,,0,,0,,0,,0,,0,,0,,0,643733.3333,20160810
20160810,IH1703,,,2137.2,2138.6,2137.4,339,2182.8,2223.4,2137,36,23174400,347,,,2352.4,1924.8,0,,11:18:37,0,2136.2,1,2140,1,,0,,0,,0,,0,,0,,0,,0,,0,643733.3333,20160810
20160810,IH1703,,,2137.2,2138.6,2137.4,339,2182.8,2223.4,2137,36,23174400,347,,,2352.4,1924.8,0,,11:18:37,500,2136.2,1,2140,1,,0,,0,,0,,0,,0,,0,,0,,0,643733.3333,20160810
20160810,IH1703,,,2137.2,2138.6,2137.4,339,2182.8,2223.4,2137,36,23174400,347,,,2352.4,1924.8,0,,11:18:38,0,2135.2,1,2140,1,,0,,0,,0,,0,,0,,0,,0,,0,643733.3333,20160810
20160810,IH1703,,,2137.2,2138.6,2137.4,339,2182.8,2223.4,2137,36,23174400,347,,,2352.4,1924.8,0,,11:18:38,500,2135.2,2,2140,1,,0,,0,,0,,0,,0,,0,,0,,0,643733.3333,20160810
20160810,IH1703,,,2137.2,2138.6,2137.4,339,2182.8,2223.4,2137,36,23174400,347,,,2352.4,1924.8,0,,11:18:39,0,2135.8,1,2140,1,,0,,0,,0,,0,,0,,0,,0,,0,643733.3333,20160810
20160810,IH1703,,,2137.2,2138.6,2137.4,339,2182.8,2223.4,2137,36,23174400,347,,,2352.4,1924.8,0,,11:18:39,500,2135.8,1,2140,1,,0,,0,,0,,0,,0,,0,,0,,0,643733.3333,20160810
20160810,IH1703,,,2137.2,2138.6,2137.4,339,2182.8,2223.4,2137,36,23174400,347,,,2352.4,1924.8,0,,11:18:45,0,2136,1,2140,1,,0,,0,,0,,0,,0,,0,,0,,0,643733.3333,20160810
20160810,IH1703,,,2137.2,2138.6,2137.4,339,2182.8,2223.4,2137,36,23174400,347,,,2352.4,1924.8,0,,11:18:45,500,2136,1,2140,1,,0,,0,,0,,0,,0,,0,,0,,0,643733.3333,20160810
20160810,IH1703,,,2137.2,2138.6,2137.4,339,2182.8,2223.4,2137,36,23174400,347,,,2352.4,1924.8,0,,11:19:02,500,2136.2,1,2142.8,1,,0,,0,,0,,0,,0,,0,,0,,0,643733.3333,20160810
20160810,IH1703,,,2137.2,2138.6,2137.4,339,2182.8,2223.4,2137,36,23174400,347,,,2352.4,1924.8,0,,11:19:03,0,2136.2,2,2142,1,,0,,0,,0,,0,,0,,0,,0,,0,643733.3333,20160810
20160810,IH1703,,,2137.2,2138.6,2137.4,339,2182.8,2223.4,2137,36,23174400,347,,,2352.4,1924.8,0,,11:19:03,500,2136.2,2,2141.4,1,,0,,0,,0,,0,,0,,0,,0,,0,643733.3333,20160810
20160810,IH1703,,,2137.2,2138.6,2137.4,339,2182.8,2223.4,2137,36,23174400,347,,,2352.4,1924.8,0,,11:19:04,0,2136.2,2,2141.4,1,,0,,0,,0,,0,,0,,0,,0,,0,643733.3333,20160810
20160810,IH1703,,,2137.2,2138.6,2137.4,339,2182.8,2223.4,2137,36,23174400,347,,,2352.4,1924.8,0,,11:19:04,500,2136.2,2,2141.2,1,,0,,0,,0,,0,,0,,0,,0,,0,643733.3333,20160810
20160810,IH1703,,,2137.2,2138.6,2137.4,339,2182.8,2223.4,2137,36,23174400,347,,,2352.4,1924.8,0,,11:19:05,500,2136.2,2,2141.2,2,,0,,0,,0,,0,,0,,0,,0,,0,643733.3333,20160810
20160810,IH1703,,,2137.2,2138.6,2137.4,339,2182.8,2223.4,2137,36,23174400,347,,,2352.4,1924.8,0,,11:19:20,500,2136.2,2,2141.2,2,,0,,0,,0,,0,,0,,0,,0,,0,643733.3333,20160810
20160810,IH1703,,,2137.2,2138.6,2137.4,339,2182.8,2223.4,2137,36,23174400,347,,,2352.4,1924.8,0,,11:19:49,0,2136.2,1,2141.2,2,,0,,0,,0,,0,,0,,0,,0,,0,643733.3333,20160810
20160810,IH1703,,,2137.2,2138.6,2137.4,339,2182.8,2223.4,2137,36,23174400,347,,,2352.4,1924.8,0,,11:19:49,500,2136.2,1,2140.8,1,,0,,0,,0,,0,,0,,0,,0,,0,643733.3333,20160810
20160810,IH1703,,,2137.2,2138.6,2137.4,339,2182.8,2223.4,2137,36,23174400,347,,,2352.4,1924.8,0,,11:19:50,0,2136.2,1,2140.8,1,,0,,0,,0,,0,,0,,0,,0,,0,643733.3333,20160810
20160810,IH1703,,,2137.2,2138.6,2137.4,339,2182.8,2223.4,2137,36,23174400,347,,,2352.4,1924.8,0,,11:19:50,500,2136.2,1,2140.6,1,,0,,0,,0,,0,,0,,0,,0,,0,643733.3333,20160810
20160810,IH1703,,,2137.2,2138.6,2137.4,339,2182.8,2223.4,2137,36,23174400,347,,,2352.4,1924.8,0,,11:19:51,0,2136.2,2,2140.6,1,,0,,0,,0,,0,,0,,0,,0,,0,643733.3333,20160810
20160810,IH1703,,,2137.2,2138.6,2137.4,339,2182.8,2223.4,2137,36,23174400,347,,,2352.4,1924.8,0,,11:20:03,0,2136.2,2,2140.6,1,,0,,0,,0,,0,,0,,0,,0,,0,643733.3333,20160810
20160810,IH1703,,,2137.2,2138.6,2137.4,339,2182.8,2223.4,2137,36,23174400,347,,,2352.4,1924.8,0,,11:20:04,500,2136.2,1,2140.6,1,,0,,0,,0,,0,,0,,0,,0,,0,643733.3333,20160810
20160810,IH1703,,,2137.2,2138.6,2137.4,339,2182.8,2223.4,2137,36,23174400,347,,,2352.4,1924.8,0,,11:20:06,0,2136.2,2,2140.6,1,,0,,0,,0,,0,,0,,0,,0,,0,643733.3333,20160810
20160810,IH1703,,,2137.2,2138.6,2137.4,339,2182.8,2223.4,2137,36,23174400,347,,,2352.4,1924.8,0,,11:20:07,500,2136.2,1,2140.6,1,,0,,0,,0,,0,,0,,0,,0,,0,643733.3333,20160810
20160810,IH1703,,,2137.2,2138.6,2137.4,339,2182.8,2223.4,2137,36,23174400,347,,,2352.4,1924.8,0,,11:20:09,0,2136.2,2,2140.6,1,,0,,0,,0,,0,,0,,0,,0,,0,643733.3333,20160810
20160810,IH1703,,,2137.2,2138.6,2137.4,339,2182.8,2223.4,2137,36,23174400,347,,,2352.4,1924.8,0,,11:20:11,500,2136.2,1,2140.6,1,,0,,0,,0,,0,,0,,0,,0,,0,643733.3333,20160810
20160810,IH1703,,,2137.2,2138.6,2137.4,339,2182.8,2223.4,2137,36,23174400,347,,,2352.4,1924.8,0,,11:20:12,500,2136.2,2,2140.6,1,,0,,0,,0,,0,,0,,0,,0,,0,643733.3333,20160810
20160810,IH1703,,,2137.2,2138.6,2137.4,339,2182.8,2223.4,2137,36,23174400,347,,,2352.4,1924.8,0,,11:20:27,500,2136.4,1,2140.6,1,,0,,0,,0,,0,,0,,0,,0,,0,643733.3333,20160810
20160810,IH1703,,,2137.2,2138.6,2137.4,339,2182.8,2223.4,2137,36,23174400,347,,,2352.4,1924.8,0,,11:20:28,0,2136.6,1,2140.6,1,,0,,0,,0,,0,,0,,0,,0,,0,643733.3333,20160810
20160810,IH1703,,,2137.2,2138.6,2137.4,339,2182.8,2223.4,2137,36,23174400,347,,,2352.4,1924.8,0,,11:20:33,500,2136.8,1,2140.6,1,,0,,0,,0,,0,,0,,0,,0,,0,643733.3333,20160810
20160810,IH1703,,,2137.2,2138.6,2137.4,339,2182.8,2223.4,2137,36,23174400,347,,,2352.4,1924.8,0,,11:20:35,500,2137.2,1,2140.6,1,,0,,0,,0,,0,,0,,0,,0,,0,643733.3333,20160810
20160810,IH1703,,,2137.2,2138.6,2137.4,339,2182.8,2223.4,2137,36,23174400,347,,,2352.4,1924.8,0,,11:20:36,0,2137.2,1,2140.6,1,,0,,0,,0,,0,,0,,0,,0,,0,643733.3333,20160810
20160810,IH1703,,,2137.2,2138.6,2137.4,339,2182.8,2223.4,2137,36,23174400,347,,,2352.4,1924.8,0,,11:20:36,500,2136.8,1,2140.6,1,,0,,0,,0,,0,,0,,0,,0,,0,643733.3333,20160810
20160810,IH1703,,,2137.2,2138.6,2137.4,339,2182.8,2223.4,2137,36,23174400,347,,,2352.4,1924.8,0,,11:20:47,0,2136.8,1,2140.6,1,,0,,0,,0,,0,,0,,0,,0,,0,643733.3333,20160810
20160810,IH1703,,,2137.2,2138.6,2137.4,339,2182.8,2223.4,2137,36,23174400,347,,,2352.4,1924.8,0,,11:20:50,500,2136.8,1,2140.4,1,,0,,0,,0,,0,,0,,0,,0,,0,643733.3333,20160810
20160810,IH1703,,,2137.2,2138.6,2137.4,339,2182.8,2223.4,2137,36,23174400,347,,,2352.4,1924.8,0,,11:20:51,0,2136.8,1,2140.4,1,,0,,0,,0,,0,,0,,0,,0,,0,643733.3333,20160810
20160810,IH1703,,,2137.2,2138.6,2137.4,339,2182.8,2223.4,2137,36,23174400,347,,,2352.4,1924.8,0,,11:20:51,500,2136.8,1,2140.2,1,,0,,0,,0,,0,,0,,0,,0,,0,643733.3333,20160810
20160810,IH1703,,,2137.2,2138.6,2137.4,339,2182.8,2223.4,2137,36,23174400,347,,,2352.4,1924.8,0,,11:20:52,0,2136.8,1,2140,1,,0,,0,,0,,0,,0,,0,,0,,0,643733.3333,20160810
20160810,IH1703,,,2137.2,2138.6,2137.4,339,2182.8,2223.4,2137,36,23174400,347,,,2352.4,1924.8,0,,11:20:52,500,2136.8,1,2140,1,,0,,0,,0,,0,,0,,0,,0,,0,643733.3333,20160810
20160810,IH1703,,,2137.2,2138.6,2137.4,339,2182.8,2223.4,2137,36,23174400,347,,,2352.4,1924.8,0,,11:20:53,0,2136.8,1,2139.8,1,,0,,0,,0,,0,,0,,0,,0,,0,643733.3333,20160810
20160810,IH1703,,,2137.2,2138.6,2137.4,339,2182.8,2223.4,2137,36,23174400,347,,,2352.4,1924.8,0,,11:20:53,500,2136.8,1,2139.6,1,,0,,0,,0,,0,,0,,0,,0,,0,643733.3333,20160810
20160810,IH1703,,,2137.2,2138.6,2137.4,339,2182.8,2223.4,2137,36,23174400,347,,,2352.4,1924.8,0,,11:20:54,0,2136.8,1,2139.4,1,,0,,0,,0,,0,,0,,0,,0,,0,643733.3333,20160810
20160810,IH1703,,,2137.2,2138.6,2137.4,339,2182.8,2223.4,2137,36,23174400,347,,,2352.4,1924.8,0,,11:20:54,500,2136.8,1,2139.2,1,,0,,0,,0,,0,,0,,0,,0,,0,643733.3333,20160810
20160810,IH1703,,,2137.2,2138.6,2137.4,339,2182.8,2223.4,2137,36,23174400,347,,,2352.4,1924.8,0,,11:20:55,0,2136.8,1,2139.2,1,,0,,0,,0,,0,,0,,0,,0,,0,643733.3333,20160810
20160810,IH1703,,,2137.2,2138.6,2137.4,339,2182.8,2223.4,2137,36,23174400,347,,,2352.4,1924.8,0,,11:20:55,500,2136.8,1,2139,1,,0,,0,,0,,0,,0,,0,,0,,0,643733.3333,20160810
20160810,IH1703,,,2137.2,2138.6,2137.4,339,2182.8,2223.4,2137,36,23174400,347,,,2352.4,1924.8,0,,11:20:59,500,2137,1,2139,1,,0,,0,,0,,0,,0,,0,,0,,0,643733.3333,20160810
20160810,IH1703,,,2137.2,2138.6,2137.4,339,2182.8,2223.4,2137,36,23174400,347,,,2352.4,1924.8,0,,11:21:14,0,2137,1,2139,1,,0,,0,,0,,0,,0,,0,,0,,0,643733.3333,20160810
20160810,IH1703,,,2137.2,2138.6,2137.4,339,2182.8,2223.4,2137,36,23174400,347,,,2352.4,1924.8,0,,11:22:37,0,2138,1,2139,1,,0,,0,,0,,0,,0,,0,,0,,0,643733.3333,20160810
20160810,IH1703,,,2137.2,2138.6,2137.4,339,2182.8,2223.4,2137,36,23174400,347,,,2352.4,1924.8,0,,11:22:37,500,2138,1,2142.8,1,,0,,0,,0,,0,,0,,0,,0,,0,643733.3333,20160810
20160810,IH1703,,,2137.2,2138.6,2137.4,339,2182.8,2223.4,2137,36,23174400,347,,,2352.4,1924.8,0,,11:22:38,0,2138,1,2141.4,1,,0,,0,,0,,0,,0,,0,,0,,0,643733.3333,20160810
20160810,IH1703,,,2137.2,2138.6,2137.4,339,2182.8,2223.4,2137,36,23174400,347,,,2352.4,1924.8,0,,11:22:38,500,2138,1,2140.8,1,,0,,0,,0,,0,,0,,0,,0,,0,643733.3333,20160810
20160810,IH1703,,,2137.2,2138.6,2137.4,339,2182.8,2223.4,2137,36,23174400,347,,,2352.4,1924.8,0,,11:22:39,0,2138,1,2140.6,1,,0,,0,,0,,0,,0,,0,,0,,0,643733.3333,20160810
20160810,IH1703,,,2137.2,2138.6,2137.4,339,2182.8,2223.4,2137,36,23174400,347,,,2352.4,1924.8,0,,11:22:39,500,2138,1,2140.4,1,,0,,0,,0,,0,,0,,0,,0,,0,643733.3333,20160810
20160810,IH1703,,,2137.2,2138.6,2137.4,339,2182.8,2223.4,2137,36,23174400,347,,,2352.4,1924.8,0,,11:22:40,0,2138,1,2140.2,1,,0,,0,,0,,0,,0,,0,,0,,0,643733.3333,20160810
20160810,IH1703,,,2137.2,2138.6,2137.4,339,2182.8,2223.4,2137,36,23174400,347,,,2352.4,1924.8,0,,11:22:42,0,2137,1,2140.2,1,,0,,0,,0,,0,,0,,0,,0,,0,643733.3333,20160810
20160810,IH1703,,,2137.2,2138.6,2137.4,339,2182.8,2223.4,2137,36,23174400,347,,,2352.4,1924.8,0,,11:22:43,0,2137,1,2140,1,,0,,0,,0,,0,,0,,0,,0,,0,643733.3333,20160810
20160810,IH1703,,,2137.2,2138.6,2137.4,339,2182.8,2223.4,2137,36,23174400,347,,,2352.4,1924.8,0,,11:22:43,500,2137,1,2139.8,1,,0,,0,,0,,0,,0,,0,,0,,0,643733.3333,20160810
20160810,IH1703,,,2137.2,2138.6,2137.4,339,2182.8,2223.4,2137,36,23174400,347,,,2352.4,1924.8,0,,11:22:44,0,2137.4,1,2139.8,1,,0,,0,,0,,0,,0,,0,,0,,0,643733.3333,20160810
20160810,IH1703,,,2137.2,2138.6,2137.4,339,2182.8,2223.4,2137,36,23174400,347,,,2352.4,1924.8,0,,11:22:44,500,2137.4,1,2139.6,1,,0,,0,,0,,0,,0,,0,,0,,0,643733.3333,20160810
20160810,IH1703,,,2137.2,2138.6,2137.4,339,2182.8,2223.4,2137,36,23174400,347,,,2352.4,1924.8,0,,11:23:17,0,2137.6,1,2139.6,1,,0,,0,,0,,0,,0,,0,,0,,0,643733.3333,20160810
20160810,IH1703,,,2137.2,2138.6,2137.4,339,2182.8,2223.4,2137,36,23174400,347,,,2352.4,1924.8,0,,11:23:30,500,2137.6,1,2139.8,1,,0,,0,,0,,0,,0,,0,,0,,0,643733.3333,20160810
20160810,IH1703,,,2137.2,2138.6,2137.4,339,2182.8,2223.4,2137,36,23174400,347,,,2352.4,1924.8,0,,11:23:35,500,2137.6,1,2141.6,1,,0,,0,,0,,0,,0,,0,,0,,0,643733.3333,20160810
20160810,IH1703,,,2137.2,2138.6,2137.4,339,2182.8,2223.4,2137,36,23174400,347,,,2352.4,1924.8,0,,11:23:38,0,2137.6,1,2140.6,1,,0,,0,,0,,0,,0,,0,,0,,0,643733.3333,20160810
20160810,IH1703,,,2137.2,2138.6,2137.4,339,2182.8,2223.4,2137,36,23174400,347,,,2352.4,1924.8,0,,11:23:39,0,2137.6,1,2140.4,2,,0,,0,,0,,0,,0,,0,,0,,0,643733.3333,20160810
20160810,IH1703,,,2137.2,2138.6,2137.4,339,2182.8,2223.4,2137,36,23174400,347,,,2352.4,1924.8,0,,11:23:39,500,2137.6,1,2140.4,2,,0,,0,,0,,0,,0,,0,,0,,0,643733.3333,20160810
20160810,IH1703,,,2137.2,2138.6,2137.4,339,2182.8,2223.4,2137,36,23174400,347,,,2352.4,1924.8,0,,11:24:06,0,2137.6,1,2140,1,,0,,0,,0,,0,,0,,0,,0,,0,643733.3333,20160810
20160810,IH1703,,,2137.2,2138.6,2137.4,339,2182.8,2223.4,2137,36,23174400,347,,,2352.4,1924.8,0,,11:24:08,0,2137.6,1,2139.8,2,,0,,0,,0,,0,,0,,0,,0,,0,643733.3333,20160810
20160810,IH1703,,,2137.2,2138.6,2137.4,339,2182.8,2223.4,2137,36,23174400,347,,,2352.4,1924.8,0,,11:24:09,0,2137.6,1,2139.8,2,,0,,0,,0,,0,,0,,0,,0,,0,643733.3333,20160810
20160810,IH1703,,,2137.2,2138.6,2137.4,339,2182.8,2223.4,2137,36,23174400,347,,,2352.4,1924.8,0,,11:24:35,500,2137.6,1,2139.8,2,,0,,0,,0,,0,,0,,0,,0,,0,643733.3333,20160810
20160810,IH1703,,,2139.8,2138.6,2137.4,339,2182.8,2223.4,2137,37,23816340,347,,,2352.4,1924.8,0,,11:25:17,0,2137.6,1,2139.8,1,,0,,0,,0,,0,,0,,0,,0,,0,643684.8649,20160810
20160810,IH1703,,,2139.8,2138.6,2137.4,339,2182.8,2223.4,2137,38,24458280,347,,,2352.4,1924.8,0,,11:25:17,500,2137.6,2,2142.8,1,,0,,0,,0,,0,,0,,0,,0,,0,643638.9474,20160810
20160810,IH1703,,,2139.8,2138.6,2137.4,339,2182.8,2223.4,2137,38,24458280,347,,,2352.4,1924.8,0,,11:25:18,0,2137.6,2,2142.6,2,,0,,0,,0,,0,,0,,0,,0,,0,643638.9474,20160810
20160810,IH1703,,,2139.8,2138.6,2137.4,339,2182.8,2223.4,2137,38,24458280,347,,,2352.4,1924.8,0,,11:25:18,500,2137.6,2,2140.2,1,,0,,0,,0,,0,,0,,0,,0,,0,643638.9474,20160810
20160810,IH1703,,,2139.8,2138.6,2137.4,339,2182.8,2223.4,2137,38,24458280,347,,,2352.4,1924.8,0,,11:25:21,0,2137.6,2,2140.2,1,,0,,0,,0,,0,,0,,0,,0,,0,643638.9474,20160810
20160810,IH1703,,,2139.8,2138.6,2137.4,339,2182.8,2223.4,2137,38,24458280,347,,,2352.4,1924.8,0,,11:25:36,0,2137.6,1,2140.2,1,,0,,0,,0,,0,,0,,0,,0,,0,643638.9474,20160810
20160810,IH1703,,,2139.8,2138.6,2137.4,339,2182.8,2223.4,2137,38,24458280,347,,,2352.4,1924.8,0,,11:25:45,0,2137.6,1,2140.2,1,,0,,0,,0,,0,,0,,0,,0,,0,643638.9474,20160810
20160810,IH1703,,,2139.8,2138.6,2137.4,339,2182.8,2223.4,2137,38,24458280,347,,,2352.4,1924.8,0,,11:25:57,500,2137.6,2,2140.2,1,,0,,0,,0,,0,,0,,0,,0,,0,643638.9474,20160810
20160810,IH1703,,,2139.8,2138.6,2137.4,339,2182.8,2223.4,2137,38,24458280,347,,,2352.4,1924.8,0,,11:26:36,0,2137.8,1,2140.2,1,,0,,0,,0,,0,,0,,0,,0,,0,643638.9474,20160810
20160810,IH1703,,,2139.8,2138.6,2137.4,339,2182.8,2223.4,2137,38,24458280,347,,,2352.4,1924.8,0,,11:26:54,0,2138,2,2140.2,1,,0,,0,,0,,0,,0,,0,,0,,0,643638.9474,20160810
20160810,IH1703,,,2139.8,2138.6,2137.4,339,2182.8,2223.4,2137,38,24458280,347,,,2352.4,1924.8,0,,11:27:10,0,2138,2,2140.2,1,,0,,0,,0,,0,,0,,0,,0,,0,643638.9474,20160810
20160810,IH1703,,,2139.8,2138.6,2137.4,339,2182.8,2223.4,2137,38,24458280,347,,,2352.4,1924.8,0,,11:27:57,0,2138,2,2140.2,1,,0,,0,,0,,0,,0,,0,,0,,0,643638.9474,20160810
20160810,IH1703,,,2139.8,2138.6,2137.4,339,2182.8,2223.4,2137,38,24458280,347,,,2352.4,1924.8,0,,11:28:16,500,2138,2,2140.2,1,,0,,0,,0,,0,,0,,0,,0,,0,643638.9474,20160810
20160810,IH1703,,,2139.8,2138.6,2137.4,339,2182.8,2223.4,2137,38,24458280,347,,,2352.4,1924.8,0,,11:28:49,500,2137,1,2140,2,,0,,0,,0,,0,,0,,0,,0,,0,643638.9474,20160810
20160810,IH1703,,,2139.8,2138.6,2137.4,339,2182.8,2223.4,2137,38,24458280,347,,,2352.4,1924.8,0,,11:28:50,500,2137,1,2138.6,1,,0,,0,,0,,0,,0,,0,,0,,0,643638.9474,20160810
20160810,IH1703,,,2139.8,2138.6,2137.4,339,2182.8,2223.4,2137,38,24458280,347,,,2352.4,1924.8,0,,11:29:07,0,2137.2,1,2138.6,1,,0,,0,,0,,0,,0,,0,,0,,0,643638.9474,20160810
20160810,IH1703,,,2139.8,2138.6,2137.4,339,2182.8,2223.4,2137,38,24458280,347,,,2352.4,1924.8,0,,11:29:15,0,2137.2,1,2140,2,,0,,0,,0,,0,,0,,0,,0,,0,643638.9474,20160810
20160810,IH1703,,,2139.8,2138.6,2137.4,339,2182.8,2223.4,2137,38,24458280,347,,,2352.4,1924.8,0,,11:29:21,0,2137.2,1,2139.8,1,,0,,0,,0,,0,,0,,0,,0,,0,643638.9474,20160810
20160810,IH1703,,,2139.8,2138.6,2137.4,339,2182.8,2223.4,2137,38,24458280,347,,,2352.4,1924.8,0,,11:29:23,500,2137.2,1,2139.6,2,,0,,0,,0,,0,,0,,0,,0,,0,643638.9474,20160810
20160810,IH1703,,,2139.8,2138.6,2137.4,339,2182.8,2223.4,2137,38,24458280,347,,,2352.4,1924.8,0,,11:29:33,0,2137.2,1,2139.6,2,,0,,0,,0,,0,,0,,0,,0,,0,643638.9474,20160810
20160810,IH1703,,,2139.8,2138.6,2137.4,339,2182.8,2223.4,2137,38,24458280,347,,,2352.4,1924.8,0,,11:29:35,500,2137.2,1,2139.6,2,,0,,0,,0,,0,,0,,0,,0,,0,643638.9474,20160810
20160810,IH1703,,,2139.8,2138.6,2137.4,339,2182.8,2223.4,2137,38,24458280,347,,,2352.4,1924.8,0,,11:30:16,500,2137.2,1,2139.6,2,,0,,0,,0,,0,,0,,0,,0,,0,643638.9474,20160810
20160810,IH1703,,,2139.8,2138.6,2137.4,339,2182.8,2223.4,2137,38,24458280,347,,,2352.4,1924.8,0,,11:30:26,500,2137,1,2139.6,1,,0,,0,,0,,0,,0,,0,,0,,0,643638.9474,20160810
20160810,IH1703,,,2139.8,2138.6,2137.4,339,2182.8,2223.4,2137,38,24458280,347,,,2352.4,1924.8,0,,11:30:27,0,2137,2,2139.6,1,,0,,0,,0,,0,,0,,0,,0,,0,643638.9474,20160810
20160810,IH1703,,,2139.8,2138.6,2137.4,339,2182.8,2223.4,2137,38,24458280,347,,,2352.4,1924.8,0,,11:30:29,500,2137,1,2139.6,1,,0,,0,,0,,0,,0,,0,,0,,0,643638.9474,20160810
20160810,IH1703,,,2139.8,2138.6,2137.4,339,2182.8,2223.4,2137,38,24458280,347,,,2352.4,1924.8,0,,11:30:32,0,2137,1,2139.6,1,,0,,0,,0,,0,,0,,0,,0,,0,643638.9474,20160810
20160810,IH1703,,,2139.8,2138.6,2137.4,339,2182.8,2223.4,2137,38,24458280,347,,,2352.4,1924.8,0,,11:30:34,500,2137,1,2139.6,1,,0,,0,,0,,0,,0,,0,,0,,0,643638.9474,20160810
20160810,IH1703,,,2139.8,2138.6,2137.4,339,2182.8,2223.4,2137,38,24458280,347,,,2352.4,1924.8,0,,13:00:38,500,2137,1,2139.6,1,,0,,0,,0,,0,,0,,0,,0,,0,643638.9474,20160810
20160810,IH1703,,,2139.8,2138.6,2137.4,339,2182.8,2223.4,2137,38,24458280,347,,,2352.4,1924.8,0,,13:00:40,500,2137,1,2139.6,1,,0,,0,,0,,0,,0,,0,,0,,0,643638.9474,20160810
20160810,IH1703,,,2139.8,2138.6,2137.4,339,2182.8,2223.4,2137,38,24458280,347,,,2352.4,1924.8,0,,13:00:49,0,2137.2,1,2139.6,1,,0,,0,,0,,0,,0,,0,,0,,0,643638.9474,20160810
20160810,IH1703,,,2139.8,2138.6,2137.4,339,2182.8,2223.4,2137,38,24458280,347,,,2352.4,1924.8,0,,13:01:07,500,2137.4,1,2139.6,1,,0,,0,,0,,0,,0,,0,,0,,0,643638.9474,20160810
20160810,IH1703,,,2139.8,2138.6,2137.4,339,2182.8,2223.4,2137,38,24458280,347,,,2352.4,1924.8,0,,13:03:32,500,2137.4,1,2138.8,1,,0,,0,,0,,0,,0,,0,,0,,0,643638.9474,20160810
20160810,IH1703,,,2139.8,2138.6,2137.4,339,2182.8,2223.4,2137,38,24458280,347,,,2352.4,1924.8,0,,13:03:33,0,2137.8,1,2139.6,1,,0,,0,,0,,0,,0,,0,,0,,0,643638.9474,20160810
20160810,IH1703,,,2139.8,2138.6,2137.4,339,2182.8,2223.4,2137,38,24458280,347,,,2352.4,1924.8,0,,13:03:34,500,2137.4,1,2139.6,1,,0,,0,,0,,0,,0,,0,,0,,0,643638.9474,20160810
20160810,IH1703,,,2139.8,2138.6,2137.4,339,2182.8,2223.4,2137,38,24458280,347,,,2352.4,1924.8,0,,13:03:35,500,2137.4,1,2139.2,1,,0,,0,,0,,0,,0,,0,,0,,0,643638.9474,20160810
20160810,IH1703,,,2139.8,2138.6,2137.4,339,2182.8,2223.4,2137,38,24458280,347,,,2352.4,1924.8,0,,13:03:37,0,2137.4,1,2139.6,1,,0,,0,,0,,0,,0,,0,,0,,0,643638.9474,20160810
20160810,IH1703,,,2139.8,2138.6,2137.4,339,2182.8,2223.4,2137,38,24458280,347,,,2352.4,1924.8,0,,13:03:44,0,2137.4,1,2139,1,,0,,0,,0,,0,,0,,0,,0,,0,643638.9474,20160810
20160810,IH1703,,,2139.8,2138.6,2137.4,339,2182.8,2223.4,2137,38,24458280,347,,,2352.4,1924.8,0,,13:03:44,500,2137.4,1,2139.6,1,,0,,0,,0,,0,,0,,0,,0,,0,643638.9474,20160810
20160810,IH1703,,,2139.8,2138.6,2137.4,339,2182.8,2223.4,2137,38,24458280,347,,,2352.4,1924.8,0,,13:03:45,500,2137.4,1,2139.2,1,,0,,0,,0,,0,,0,,0,,0,,0,643638.9474,20160810
20160810,IH1703,,,2139.8,2138.6,2137.4,339,2182.8,2223.4,2137,38,24458280,347,,,2352.4,1924.8,0,,13:03:49,0,2137.2,1,2139.2,1,,0,,0,,0,,0,,0,,0,,0,,0,643638.9474,20160810
20160810,IH1703,,,2139.8,2138.6,2137.4,339,2182.8,2223.4,2137,38,24458280,347,,,2352.4,1924.8,0,,13:03:50,0,2138,1,2139.2,1,,0,,0,,0,,0,,0,,0,,0,,0,643638.9474,20160810
20160810,IH1703,,,2139.8,2138.6,2137.4,339,2182.8,2223.4,2137,38,24458280,347,,,2352.4,1924.8,0,,13:03:50,500,2138,1,2139.2,1,,0,,0,,0,,0,,0,,0,,0,,0,643638.9474,20160810
20160810,IH1703,,,2139.8,2138.6,2137.4,339,2182.8,2223.4,2137,38,24458280,347,,,2352.4,1924.8,0,,13:04:07,500,2137.2,1,2139.2,1,,0,,0,,0,,0,,0,,0,,0,,0,643638.9474,20160810
20160810,IH1703,,,2139.8,2138.6,2137.4,339,2182.8,2223.4,2137,38,24458280,347,,,2352.4,1924.8,0,,13:05:10,0,2138,1,2139.2,1,,0,,0,,0,,0,,0,,0,,0,,0,643638.9474,20160810
20160810,IH1703,,,2139.8,2138.6,2137.4,339,2182.8,2223.4,2137,38,24458280,347,,,2352.4,1924.8,0,,13:05:10,500,2138.2,1,2139.2,1,,0,,0,,0,,0,,0,,0,,0,,0,643638.9474,20160810
20160810,IH1703,,,2139.8,2138.6,2137.4,339,2182.8,2223.4,2137,38,24458280,347,,,2352.4,1924.8,0,,13:05:11,0,2137.2,1,2139.2,1,,0,,0,,0,,0,,0,,0,,0,,0,643638.9474,20160810
20160810,IH1703,,,2139.8,2138.6,2137.4,339,2182.8,2223.4,2137,38,24458280,347,,,2352.4,1924.8,0,,13:05:13,500,2137.2,2,2139.2,1,,0,,0,,0,,0,,0,,0,,0,,0,643638.9474,20160810
20160810,IH1703,,,2139.8,2138.6,2137.4,339,2182.8,2223.4,2137,38,24458280,347,,,2352.4,1924.8,0,,13:05:27,500,2137.4,1,2139.2,1,,0,,0,,0,,0,,0,,0,,0,,0,643638.9474,20160810
20160810,IH1703,,,2139.8,2138.6,2137.4,339,2182.8,2223.4,2137,38,24458280,347,,,2352.4,1924.8,0,,13:05:28,0,2137.6,1,2139.2,1,,0,,0,,0,,0,,0,,0,,0,,0,643638.9474,20160810
20160810,IH1703,,,2139.8,2138.6,2137.4,339,2182.8,2223.4,2137,38,24458280,347,,,2352.4,1924.8,0,,13:05:32,0,2137.6,1,2139.2,1,,0,,0,,0,,0,,0,,0,,0,,0,643638.9474,20160810
20160810,IH1703,,,2139.2,2138.6,2137.4,339,2182.8,2223.4,2137,39,25100040,348,,,2352.4,1924.8,0,,13:05:44,0,2137.6,1,2139.6,1,,0,,0,,0,,0,,0,,0,,0,,0,643590.7692,20160810
20160810,IH1703,,,2139.2,2138.6,2137.4,339,2182.8,2223.4,2137,39,25100040,348,,,2352.4,1924.8,0,,13:05:51,0,2137.2,1,2139.6,1,,0,,0,,0,,0,,0,,0,,0,,0,643590.7692,20160810
20160810,IH1703,,,2139.2,2138.6,2137.4,339,2182.8,2223.4,2137,39,25100040,348,,,2352.4,1924.8,0,,13:05:55,0,2137.4,1,2139.6,1,,0,,0,,0,,0,,0,,0,,0,,0,643590.7692,20160810
20160810,IH1703,,,2139.2,2138.6,2137.4,339,2182.8,2223.4,2137,39,25100040,348,,,2352.4,1924.8,0,,13:06:18,0,2137.6,1,2139.6,1,,0,,0,,0,,0,,0,,0,,0,,0,643590.7692,20160810
20160810,IH1703,,,2139.2,2138.6,2137.4,339,2182.8,2223.4,2137,39,25100040,348,,,2352.4,1924.8,0,,13:06:38,500,2137.6,1,2139.6,1,,0,,0,,0,,0,,0,,0,,0,,0,643590.7692,20160810
20160810,IH1703,,,2139.2,2138.6,2137.4,339,2182.8,2223.4,2137,39,25100040,348,,,2352.4,1924.8,0,,13:06:39,0,2137.8,1,2139.6,1,,0,,0,,0,,0,,0,,0,,0,,0,643590.7692,20160810
20160810,IH1703,,,2139.2,2138.6,2137.4,339,2182.8,2223.4,2137,39,25100040,348,,,2352.4,1924.8,0,,13:07:41,0,2138,1,2139.6,1,,0,,0,,0,,0,,0,,0,,0,,0,643590.7692,20160810
20160810,IH1703,,,2139.2,2138.6,2137.4,339,2182.8,2223.4,2137,39,25100040,348,,,2352.4,1924.8,0,,13:07:41,500,2138,1,2139.6,1,,0,,0,,0,,0,,0,,0,,0,,0,643590.7692,20160810
20160810,IH1703,,,2139.2,2138.6,2137.4,339,2182.8,2223.4,2137,39,25100040,348,,,2352.4,1924.8,0,,13:07:43,0,2137.8,1,2139.6,1,,0,,0,,0,,0,,0,,0,,0,,0,643590.7692,20160810
20160810,IH1703,,,2139.6,2138.6,2137.4,339,2182.8,2223.4,2137,40,25741920,349,,,2352.4,1924.8,0,,13:08:00,0,2137.8,1,2142.8,1,,0,,0,,0,,0,,0,,0,,0,,0,643548,20160810
20160810,IH1703,,,2139.6,2138.6,2137.4,339,2182.8,2223.4,2137,40,25741920,349,,,2352.4,1924.8,0,,13:08:00,500,2138,1,2142.8,1,,0,,0,,0,,0,,0,,0,,0,,0,643548,20160810
20160810,IH1703,,,2139.6,2138.6,2137.4,339,2182.8,2223.4,2137,40,25741920,349,,,2352.4,1924.8,0,,13:08:01,0,2139.6,1,2141.6,1,,0,,0,,0,,0,,0,,0,,0,,0,643548,20160810
20160810,IH1703,,,2139.6,2138.6,2137.4,339,2182.8,2223.4,2137,40,25741920,349,,,2352.4,1924.8,0,,13:08:01,500,2139.6,1,2141.6,1,,0,,0,,0,,0,,0,,0,,0,,0,643548,20160810
20160810,IH1703,,,2139.6,2138.6,2137.4,339,2182.8,2223.4,2137,40,25741920,349,,,2352.4,1924.8,0,,13:08:03,500,2139.6,1,2141.6,1,,0,,0,,0,,0,,0,,0,,0,,0,643548,20160810
20160810,IH1703,,,2139.6,2138.6,2137.4,339,2182.8,2223.4,2137,40,25741920,349,,,2352.4,1924.8,0,,13:08:06,0,2139.6,1,2141.4,1,,0,,0,,0,,0,,0,,0,,0,,0,643548,20160810
20160810,IH1703,,,2139.6,2138.6,2137.4,339,2182.8,2223.4,2137,40,25741920,349,,,2352.4,1924.8,0,,13:08:07,0,2139.6,1,2141.4,1,,0,,0,,0,,0,,0,,0,,0,,0,643548,20160810
20160810,IH1703,,,2139.6,2138.6,2137.4,339,2182.8,2223.4,2137,40,25741920,349,,,2352.4,1924.8,0,,13:08:42,0,2139.6,1,2141,1,,0,,0,,0,,0,,0,,0,,0,,0,643548,20160810
20160810,IH1703,,,2139.6,2138.6,2137.4,339,2182.8,2223.4,2137,40,25741920,349,,,2352.4,1924.8,0,,13:08:42,500,2138,1,2141.4,1,,0,,0,,0,,0,,0,,0,,0,,0,643548,20160810
20160810,IH1703,,,2139.6,2138.6,2137.4,339,2182.8,2223.4,2137,40,25741920,349,,,2352.4,1924.8,0,,13:09:01,500,2138,1,2141.4,1,,0,,0,,0,,0,,0,,0,,0,,0,643548,20160810
20160810,IH1703,,,2139.6,2138.6,2137.4,339,2182.8,2223.4,2137,40,25741920,349,,,2352.4,1924.8,0,,13:10:03,0,2138.2,1,2141.4,1,,0,,0,,0,,0,,0,,0,,0,,0,643548,20160810
20160810,IH1703,,,2139.6,2138.6,2137.4,339,2182.8,2223.4,2137,40,25741920,349,,,2352.4,1924.8,0,,13:10:05,500,2138.4,1,2141.4,1,,0,,0,,0,,0,,0,,0,,0,,0,643548,20160810
20160810,IH1703,,,2139.6,2138.6,2137.4,339,2182.8,2223.4,2137,40,25741920,349,,,2352.4,1924.8,0,,13:10:34,0,2138.4,1,2142.8,1,,0,,0,,0,,0,,0,,0,,0,,0,643548,20160810
20160810,IH1703,,,2139.6,2138.6,2137.4,339,2182.8,2223.4,2137,40,25741920,349,,,2352.4,1924.8,0,,13:10:41,0,2138.4,1,2142.8,1,,0,,0,,0,,0,,0,,0,,0,,0,643548,20160810
20160810,IH1703,,,2139.6,2138.6,2137.4,339,2182.8,2223.4,2137,40,25741920,349,,,2352.4,1924.8,0,,13:10:41,500,2138.6,1,2142.8,1,,0,,0,,0,,0,,0,,0,,0,,0,643548,20160810
20160810,IH1703,,,2139.6,2138.6,2137.4,339,2182.8,2223.4,2137,40,25741920,349,,,2352.4,1924.8,0,,13:10:42,500,2138.6,1,2142.6,1,,0,,0,,0,,0,,0,,0,,0,,0,643548,20160810
20160810,IH1703,,,2139.6,2138.6,2137.4,339,2182.8,2223.4,2137,40,25741920,349,,,2352.4,1924.8,0,,13:10:58,500,2138.8,1,2142.6,1,,0,,0,,0,,0,,0,,0,,0,,0,643548,20160810
20160810,IH1703,,,2139.6,2138.6,2137.4,339,2182.8,2223.4,2137,40,25741920,349,,,2352.4,1924.8,0,,13:11:00,0,2139,1,2142.6,1,,0,,0,,0,,0,,0,,0,,0,,0,643548,20160810
20160810,IH1703,,,2139.6,2138.6,2137.4,339,2182.8,2223.4,2137,40,25741920,349,,,2352.4,1924.8,0,,13:11:00,500,2139.2,1,2142.6,1,,0,,0,,0,,0,,0,,0,,0,,0,643548,20160810
20160810,IH1703,,,2139.6,2138.6,2137.4,339,2182.8,2223.4,2137,40,25741920,349,,,2352.4,1924.8,0,,13:11:01,500,2139.4,1,2142.6,1,,0,,0,,0,,0,,0,,0,,0,,0,643548,20160810
20160810,IH1703,,,2139.6,2138.6,2137.4,339,2182.8,2223.4,2137,40,25741920,349,,,2352.4,1924.8,0,,13:11:03,0,2139.6,1,2142.6,1,,0,,0,,0,,0,,0,,0,,0,,0,643548,20160810
20160810,IH1703,,,2139.6,2138.6,2137.4,339,2182.8,2223.4,2137,40,25741920,349,,,2352.4,1924.8,0,,13:11:03,500,2139.8,1,2142.6,1,,0,,0,,0,,0,,0,,0,,0,,0,643548,20160810
20160810,IH1703,,,2139.6,2138.6,2137.4,339,2182.8,2223.4,2137,40,25741920,349,,,2352.4,1924.8,0,,13:11:04,500,2140,1,2142.6,1,,0,,0,,0,,0,,0,,0,,0,,0,643548,20160810
20160810,IH1703,,,2139.6,2138.6,2137.4,339,2182.8,2223.4,2137,40,25741920,349,,,2352.4,1924.8,0,,13:11:07,0,2140.2,1,2142.6,1,,0,,0,,0,,0,,0,,0,,0,,0,643548,20160810
20160810,IH1703,,,2139.6,2138.6,2137.4,339,2182.8,2223.4,2137,40,25741920,349,,,2352.4,1924.8,0,,13:11:08,0,2140.4,1,2142.2,1,,0,,0,,0,,0,,0,,0,,0,,0,643548,20160810
20160810,IH1703,,,2139.6,2138.6,2137.4,339,2182.8,2223.4,2137,40,25741920,349,,,2352.4,1924.8,0,,13:11:09,0,2140.4,1,2142.2,1,,0,,0,,0,,0,,0,,0,,0,,0,643548,20160810
20160810,IH1703,,,2140.2,2138.6,2137.4,339,2182.8,2223.4,2137,41,26383980,349,,,2352.4,1924.8,0,,13:11:11,500,2140.2,1,2142.2,1,,0,,0,,0,,0,,0,,0,,0,,0,643511.7073,20160810
20160810,IH1703,,,2140.2,2138.6,2137.4,339,2182.8,2223.4,2137,41,26383980,349,,,2352.4,1924.8,0,,13:11:25,0,2137.6,1,2142.2,1,,0,,0,,0,,0,,0,,0,,0,,0,643511.7073,20160810
20160810,IH1703,,,2140.2,2138.6,2137.4,339,2182.8,2223.4,2137,41,26383980,349,,,2352.4,1924.8,0,,13:11:25,500,2138,1,2142.2,1,,0,,0,,0,,0,,0,,0,,0,,0,643511.7073,20160810
20160810,IH1703,,,2140.2,2138.6,2137.4,339,2182.8,2223.4,2137,41,26383980,349,,,2352.4,1924.8,0,,13:11:26,0,2137.8,1,2142.2,1,,0,,0,,0,,0,,0,,0,,0,,0,643511.7073,20160810
20160810,IH1703,,,2140.2,2138.6,2137.4,339,2182.8,2223.4,2137,41,26383980,349,,,2352.4,1924.8,0,,13:11:55,500,2137.8,1,2142.8,1,,0,,0,,0,,0,,0,,0,,0,,0,643511.7073,20160810
20160810,IH1703,,,2140.2,2138.6,2137.4,339,2182.8,2223.4,2137,41,26383980,349,,,2352.4,1924.8,0,,13:11:57,500,2137.8,1,2142,1,,0,,0,,0,,0,,0,,0,,0,,0,643511.7073,20160810
20160810,IH1703,,,2140.2,2138.6,2137.4,339,2182.8,2223.4,2137,41,26383980,349,,,2352.4,1924.8,0,,13:12:01,0,2137.8,1,2142.8,1,,0,,0,,0,,0,,0,,0,,0,,0,643511.7073,20160810
20160810,IH1703,,,2140.2,2138.6,2137.4,339,2182.8,2223.4,2137,41,26383980,349,,,2352.4,1924.8,0,,13:12:02,500,2137.8,1,2142.4,1,,0,,0,,0,,0,,0,,0,,0,,0,643511.7073,20160810
20160810,IH1703,,,2140.2,2138.6,2137.4,339,2182.8,2223.4,2137,41,26383980,349,,,2352.4,1924.8,0,,13:12:23,500,2137.8,1,2142.2,1,,0,,0,,0,,0,,0,,0,,0,,0,643511.7073,20160810
20160810,IH1703,,,2140.2,2138.6,2137.4,339,2182.8,2223.4,2137,41,26383980,349,,,2352.4,1924.8,0,,13:12:24,0,2137.8,1,2142.2,1,,0,,0,,0,,0,,0,,0,,0,,0,643511.7073,20160810
20160810,IH1703,,,2140.2,2138.6,2137.4,339,2182.8,2223.4,2137,41,26383980,349,,,2352.4,1924.8,0,,13:12:55,500,2137.8,1,2142.2,1,,0,,0,,0,,0,,0,,0,,0,,0,643511.7073,20160810
20160810,IH1703,,,2140.2,2138.6,2137.4,339,2182.8,2223.4,2137,41,26383980,349,,,2352.4,1924.8,0,,13:12:58,500,2137.8,1,2142,1,,0,,0,,0,,0,,0,,0,,0,,0,643511.7073,20160810
20160810,IH1703,,,2140.2,2138.6,2137.4,339,2182.8,2223.4,2137,41,26383980,349,,,2352.4,1924.8,0,,13:13:40,500,2137.8,1,2142,1,,0,,0,,0,,0,,0,,0,,0,,0,643511.7073,20160810
20160810,IH1703,,,2140.2,2138.6,2137.4,339,2182.8,2223.4,2137,41,26383980,349,,,2352.4,1924.8,0,,13:14:02,0,2137.8,1,2142,1,,0,,0,,0,,0,,0,,0,,0,,0,643511.7073,20160810
20160810,IH1703,,,2140.2,2138.6,2137.4,339,2182.8,2223.4,2137,41,26383980,349,,,2352.4,1924.8,0,,13:14:23,0,2137.8,1,2141.8,1,,0,,0,,0,,0,,0,,0,,0,,0,643511.7073,20160810
20160810,IH1703,,,2140.2,2138.6,2137.4,339,2182.8,2223.4,2137,41,26383980,349,,,2352.4,1924.8,0,,13:14:27,500,2137.8,1,2141.8,1,,0,,0,,0,,0,,0,,0,,0,,0,643511.7073,20160810
20160810,IH1703,,,2140.2,2138.6,2137.4,339,2182.8,2223.4,2137,41,26383980,349,,,2352.4,1924.8,0,,13:14:52,0,2137.8,1,2141.6,1,,0,,0,,0,,0,,0,,0,,0,,0,643511.7073,20160810
20160810,IH1703,,,2140.2,2138.6,2137.4,339,2182.8,2223.4,2137,41,26383980,349,,,2352.4,1924.8,0,,13:16:37,500,2138,1,2141.6,1,,0,,0,,0,,0,,0,,0,,0,,0,643511.7073,20160810
20160810,IH1703,,,2140.2,2138.6,2137.4,339,2182.8,2223.4,2137,41,26383980,349,,,2352.4,1924.8,0,,13:17:20,0,2138.2,1,2141.6,1,,0,,0,,0,,0,,0,,0,,0,,0,643511.7073,20160810
20160810,IH1703,,,2140.2,2138.6,2137.4,339,2182.8,2223.4,2137,41,26383980,349,,,2352.4,1924.8,0,,13:20:33,500,2138.2,1,2141.6,1,,0,,0,,0,,0,,0,,0,,0,,0,643511.7073,20160810
20160810,IH1703,,,2140.2,2138.6,2137.4,339,2182.8,2223.4,2137,41,26383980,349,,,2352.4,1924.8,0,,13:20:34,0,2138.2,1,2141,1,,0,,0,,0,,0,,0,,0,,0,,0,643511.7073,20160810
20160810,IH1703,,,2140.2,2138.6,2137.4,339,2182.8,2223.4,2137,41,26383980,349,,,2352.4,1924.8,0,,13:20:36,0,2138.2,1,2140.8,1,,0,,0,,0,,0,,0,,0,,0,,0,643511.7073,20160810
20160810,IH1703,,,2140.2,2138.6,2137.4,339,2182.8,2223.4,2137,41,26383980,349,,,2352.4,1924.8,0,,13:21:04,500,2138,1,2140.8,1,,0,,0,,0,,0,,0,,0,,0,,0,643511.7073,20160810
20160810,IH1703,,,2140.2,2138.6,2137.4,339,2182.8,2223.4,2137,41,26383980,349,,,2352.4,1924.8,0,,13:21:13,500,2138,1,2140.8,1,,0,,0,,0,,0,,0,,0,,0,,0,643511.7073,20160810
20160810,IH1703,,,2140.2,2138.6,2137.4,339,2182.8,2223.4,2137,41,26383980,349,,,2352.4,1924.8,0,,13:21:14,0,2138,1,2140.6,1,,0,,0,,0,,0,,0,,0,,0,,0,643511.7073,20160810
20160810,IH1703,,,2140.2,2138.6,2137.4,339,2182.8,2223.4,2137,41,26383980,349,,,2352.4,1924.8,0,,13:21:15,0,2138.2,1,2140.4,1,,0,,0,,0,,0,,0,,0,,0,,0,643511.7073,20160810
20160810,IH1703,,,2140.2,2138.6,2137.4,339,2182.8,2223.4,2137,41,26383980,349,,,2352.4,1924.8,0,,13:22:32,500,2138.2,1,2140.6,1,,0,,0,,0,,0,,0,,0,,0,,0,643511.7073,20160810
20160810,IH1703,,,2140.2,2138.6,2137.4,339,2182.8,2223.4,2137,41,26383980,349,,,2352.4,1924.8,0,,13:22:33,0,2138.2,1,2140.4,1,,0,,0,,0,,0,,0,,0,,0,,0,643511.7073,20160810
20160810,IH1703,,,2140.2,2138.6,2137.4,339,2182.8,2223.4,2137,41,26383980,349,,,2352.4,1924.8,0,,13:24:07,500,2138.2,1,2140.4,1,,0,,0,,0,,0,,0,,0,,0,,0,643511.7073,20160810
20160810,IH1703,,,2140.2,2138.6,2137.4,339,2182.8,2223.4,2137,41,26383980,349,,,2352.4,1924.8,0,,13:24:52,500,2138.2,2,2140.4,1,,0,,0,,0,,0,,0,,0,,0,,0,643511.7073,20160810
20160810,IH1703,,,2140.4,2138.6,2137.4,339,2182.8,2223.4,2137,42,27026100,349,,,2352.4,1924.8,0,,13:24:54,500,2138.2,2,2141.8,1,,0,,0,,0,,0,,0,,0,,0,,0,643478.5714,20160810
20160810,IH1703,,,2140.4,2138.6,2137.4,339,2182.8,2223.4,2137,42,27026100,349,,,2352.4,1924.8,0,,13:25:02,500,2138.2,2,2141.8,2,,0,,0,,0,,0,,0,,0,,0,,0,643478.5714,20160810
20160810,IH1703,,,2140.4,2138.6,2137.4,339,2182.8,2223.4,2137,42,27026100,349,,,2352.4,1924.8,0,,13:25:39,500,2138.2,2,2141.8,1,,0,,0,,0,,0,,0,,0,,0,,0,643478.5714,20160810
20160810,IH1703,,,2140.4,2138.6,2137.4,339,2182.8,2223.4,2137,42,27026100,349,,,2352.4,1924.8,0,,13:25:40,0,2138.2,2,2141.8,2,,0,,0,,0,,0,,0,,0,,0,,0,643478.5714,20160810
20160810,IH1703,,,2140.4,2138.6,2137.4,339,2182.8,2223.4,2137,42,27026100,349,,,2352.4,1924.8,0,,13:25:55,0,2138.2,2,2141.8,1,,0,,0,,0,,0,,0,,0,,0,,0,643478.5714,20160810
20160810,IH1703,,,2140.4,2138.6,2137.4,339,2182.8,2223.4,2137,42,27026100,349,,,2352.4,1924.8,0,,13:25:55,500,2138.2,2,2141,1,,0,,0,,0,,0,,0,,0,,0,,0,643478.5714,20160810
20160810,IH1703,,,2140.4,2138.6,2137.4,339,2182.8,2223.4,2137,42,27026100,349,,,2352.4,1924.8,0,,13:25:56,0,2138.2,2,2141,1,,0,,0,,0,,0,,0,,0,,0,,0,643478.5714,20160810
20160810,IH1703,,,2140.4,2138.6,2137.4,339,2182.8,2223.4,2137,42,27026100,349,,,2352.4,1924.8,0,,13:26:07,500,2138.4,1,2141,1,,0,,0,,0,,0,,0,,0,,0,,0,643478.5714,20160810
20160810,IH1703,,,2140.4,2138.6,2137.4,339,2182.8,2223.4,2137,42,27026100,349,,,2352.4,1924.8,0,,13:26:08,0,2138.8,1,2141,1,,0,,0,,0,,0,,0,,0,,0,,0,643478.5714,20160810
20160810,IH1703,,,2140.4,2138.6,2137.4,339,2182.8,2223.4,2137,42,27026100,349,,,2352.4,1924.8,0,,13:26:08,500,2139,1,2141,1,,0,,0,,0,,0,,0,,0,,0,,0,643478.5714,20160810
20160810,IH1703,,,2140.4,2138.6,2137.4,339,2182.8,2223.4,2137,42,27026100,349,,,2352.4,1924.8,0,,13:26:09,0,2138.8,1,2141,1,,0,,0,,0,,0,,0,,0,,0,,0,643478.5714,20160810
20160810,IH1703,,,2140.4,2138.6,2137.4,339,2182.8,2223.4,2137,42,27026100,349,,,2352.4,1924.8,0,,13:26:13,0,2138.6,1,2141,1,,0,,0,,0,,0,,0,,0,,0,,0,643478.5714,20160810
20160810,IH1703,,,2140.4,2138.6,2137.4,339,2182.8,2223.4,2137,42,27026100,349,,,2352.4,1924.8,0,,13:26:56,0,2138.8,1,2141,1,,0,,0,,0,,0,,0,,0,,0,,0,643478.5714,20160810
20160810,IH1703,,,2140.4,2138.6,2137.4,339,2182.8,2223.4,2137,42,27026100,349,,,2352.4,1924.8,0,,13:28:42,0,2138.8,1,2141.8,1,,0,,0,,0,,0,,0,,0,,0,,0,643478.5714,20160810
20160810,IH1703,,,2140.4,2138.6,2137.4,339,2182.8,2223.4,2137,42,27026100,349,,,2352.4,1924.8,0,,13:28:42,500,2140.4,1,2141.8,1,,0,,0,,0,,0,,0,,0,,0,,0,643478.5714,20160810
20160810,IH1703,,,2140.4,2138.6,2137.4,339,2182.8,2223.4,2137,42,27026100,349,,,2352.4,1924.8,0,,13:28:44,0,2140.4,1,2141.8,1,,0,,0,,0,,0,,0,,0,,0,,0,643478.5714,20160810
20160810,IH1703,,,2140.4,2138.6,2137.4,339,2182.8,2223.4,2137,42,27026100,349,,,2352.4,1924.8,0,,13:28:47,0,2138.6,1,2141.8,1,,0,,0,,0,,0,,0,,0,,0,,0,643478.5714,20160810
20160810,IH1703,,,2140.4,2138.6,2137.4,339,2182.8,2223.4,2137,42,27026100,349,,,2352.4,1924.8,0,,13:28:48,0,2138.6,2,2141.8,1,,0,,0,,0,,0,,0,,0,,0,,0,643478.5714,20160810
20160810,IH1703,,,2140.4,2138.6,2137.4,339,2182.8,2223.4,2137,42,27026100,349,,,2352.4,1924.8,0,,13:28:53,0,2138.8,1,2141.8,1,,0,,0,,0,,0,,0,,0,,0,,0,643478.5714,20160810
20160810,IH1703,,,2140.4,2138.6,2137.4,339,2182.8,2223.4,2137,42,27026100,349,,,2352.4,1924.8,0,,13:28:53,500,2138.8,1,2141.8,1,,0,,0,,0,,0,,0,,0,,0,,0,643478.5714,20160810
20160810,IH1703,,,2140.4,2138.6,2137.4,339,2182.8,2223.4,2137,42,27026100,349,,,2352.4,1924.8,0,,13:29:10,0,2139,1,2141.8,1,,0,,0,,0,,0,,0,,0,,0,,0,643478.5714,20160810
20160810,IH1703,,,2140.4,2138.6,2137.4,339,2182.8,2223.4,2137,42,27026100,349,,,2352.4,1924.8,0,,13:29:10,500,2139.2,1,2141.8,1,,0,,0,,0,,0,,0,,0,,0,,0,643478.5714,20160810
20160810,IH1703,,,2140.4,2138.6,2137.4,339,2182.8,2223.4,2137,42,27026100,349,,,2352.4,1924.8,0,,13:29:15,500,2139.2,1,2141.6,1,,0,,0,,0,,0,,0,,0,,0,,0,643478.5714,20160810
20160810,IH1703,,,2140.4,2138.6,2137.4,339,2182.8,2223.4,2137,42,27026100,349,,,2352.4,1924.8,0,,13:29:21,500,2139.4,1,2141.6,1,,0,,0,,0,,0,,0,,0,,0,,0,643478.5714,20160810
20160810,IH1703,,,2140.4,2138.6,2137.4,339,2182.8,2223.4,2137,42,27026100,349,,,2352.4,1924.8,0,,13:29:49,500,2140.6,1,2141.6,1,,0,,0,,0,,0,,0,,0,,0,,0,643478.5714,20160810
20160810,IH1703,,,2140.4,2138.6,2137.4,339,2182.8,2223.4,2137,42,27026100,349,,,2352.4,1924.8,0,,13:30:16,0,2139.4,1,2141.6,1,,0,,0,,0,,0,,0,,0,,0,,0,643478.5714,20160810
20160810,IH1703,,,2138.6,2138.6,2137.4,339,2182.8,2223.4,2137,46,29594100,351,,,2352.4,1924.8,0,,13:52:33,0,2137.4,3,2140.8,1,,0,,0,,0,,0,,0,,0,,0,,0,643350,20160810
20160810,IH1703,,,2138.6,2138.6,2137.4,339,2182.8,2223.4,2137,46,29594100,351,,,2352.4,1924.8,0,,13:56:27,500,2137.4,2,2140.8,1,,0,,0,,0,,0,,0,,0,,0,,0,643350,20160810
20160810,IH1703,,,2138.6,2138.6,2137.4,339,2182.8,2223.4,2137,46,29594100,351,,,2352.4,1924.8,0,,13:57:54,500,2137.4,2,2140.8,2,,0,,0,,0,,0,,0,,0,,0,,0,643350,20160810
20160810,IH1703,,,2138.6,2138.6,2137.4,339,2182.8,2223.4,2137,46,29594100,351,,,2352.4,1924.8,0,,13:58:10,500,2137.2,1,2140.6,1,,0,,0,,0,,0,,0,,0,,0,,0,643350,20160810
20160810,IH1703,,,2138.6,2138.6,2137.4,339,2182.8,2223.4,2137,46,29594100,351,,,2352.4,1924.8,0,,13:58:11,0,2137.4,1,2140.4,1,,0,,0,,0,,0,,0,,0,,0,,0,643350,20160810
20160810,IH1703,,,2138.6,2138.6,2137.4,339,2182.8,2223.4,2137,46,29594100,351,,,2352.4,1924.8,0,,13:58:11,500,2137.4,1,2140.2,1,,0,,0,,0,,0,,0,,0,,0,,0,643350,20160810
20160810,IH1703,,,2138.6,2138.6,2137.4,339,2182.8,2223.4,2137,46,29594100,351,,,2352.4,1924.8,0,,13:58:12,500,2137.4,1,2140,1,,0,,0,,0,,0,,0,,0,,0,,0,643350,20160810
20160810,IH1703,,,2138.6,2138.6,2137.4,339,2182.8,2223.4,2137,46,29594100,351,,,2352.4,1924.8,0,,13:58:13,0,2137.4,1,2139.8,1,,0,,0,,0,,0,,0,,0,,0,,0,643350,20160810
20160810,IH1703,,,2138.6,2138.6,2137.4,339,2182.8,2223.4,2137,46,29594100,351,,,2352.4,1924.8,0,,13:58:13,500,2137.4,1,2139.6,2,,0,,0,,0,,0,,0,,0,,0,,0,643350,20160810
20160810,IH1703,,,2138.6,2138.6,2137.4,339,2182.8,2223.4,2137,46,29594100,351,,,2352.4,1924.8,0,,13:58:14,0,2137.4,1,2139.6,2,,0,,0,,0,,0,,0,,0,,0,,0,643350,20160810
20160810,IH1703,,,2138.6,2138.6,2137.4,339,2182.8,2223.4,2137,46,29594100,351,,,2352.4,1924.8,0,,13:58:15,0,2137.4,1,2139.6,2,,0,,0,,0,,0,,0,,0,,0,,0,643350,20160810
20160810,IH1703,,,2138.6,2138.6,2137.4,339,2182.8,2223.4,2137,46,29594100,351,,,2352.4,1924.8,0,,13:58:16,0,2137.4,1,2139.6,2,,0,,0,,0,,0,,0,,0,,0,,0,643350,20160810
20160810,IH1703,,,2138.6,2138.6,2137.4,339,2182.8,2223.4,2137,46,29594100,351,,,2352.4,1924.8,0,,13:58:19,500,2137.4,1,2139.6,2,,0,,0,,0,,0,,0,,0,,0,,0,643350,20160810
20160810,IH1703,,,2138.6,2138.6,2137.4,339,2182.8,2223.4,2137,46,29594100,351,,,2352.4,1924.8,0,,13:59:02,0,2137.4,1,2139.4,1,,0,,0,,0,,0,,0,,0,,0,,0,643350,20160810
20160810,IH1703,,,2138.6,2138.6,2137.4,339,2182.8,2223.4,2137,46,29594100,351,,,2352.4,1924.8,0,,13:59:20,500,2137.4,1,2139.2,1,,0,,0,,0,,0,,0,,0,,0,,0,643350,20160810
20160810,IH1703,,,2138.6,2138.6,2137.4,339,2182.8,2223.4,2137,46,29594100,351,,,2352.4,1924.8,0,,13:59:46,0,2137.2,1,2139.2,1,,0,,0,,0,,0,,0,,0,,0,,0,643350,20160810
20160810,IH1703,,,2138.6,2138.6,2137.4,339,2182.8,2223.4,2137,46,29594100,351,,,2352.4,1924.8,0,,13:59:50,0,2137.2,1,2139.4,1,,0,,0,,0,,0,,0,,0,,0,,0,643350,20160810
20160810,IH1703,,,2138.6,2138.6,2137.4,339,2182.8,2223.4,2137,46,29594100,351,,,2352.4,1924.8,0,,13:59:53,0,2137.2,1,2139.2,1,,0,,0,,0,,0,,0,,0,,0,,0,643350,20160810
20160810,IH1703,,,2138.6,2138.6,2137.4,339,2182.8,2223.4,2137,46,29594100,351,,,2352.4,1924.8,0,,14:00:27,0,2137.2,1,2139.2,1,,0,,0,,0,,0,,0,,0,,0,,0,643350,20160810
20160810,IH1703,,,2138.6,2138.6,2137.4,339,2182.8,2223.4,2137,46,29594100,351,,,2352.4,1924.8,0,,14:00:58,0,2135,1,2139.2,1,,0,,0,,0,,0,,0,,0,,0,,0,643350,20160810
20160810,IH1703,,,2138.6,2138.6,2137.4,339,2182.8,2223.4,2137,46,29594100,351,,,2352.4,1924.8,0,,14:00:58,500,2135.4,1,2139.2,1,,0,,0,,0,,0,,0,,0,,0,,0,643350,20160810
20160810,IH1703,,,2138.6,2138.6,2137.4,339,2182.8,2223.4,2137,46,29594100,351,,,2352.4,1924.8,0,,14:00:59,0,2135.4,1,2139.2,1,,0,,0,,0,,0,,0,,0,,0,,0,643350,20160810
20160810,IH1703,,,2138.6,2138.6,2137.4,339,2182.8,2223.4,2137,46,29594100,351,,,2352.4,1924.8,0,,14:01:04,0,2135.6,1,2139,1,,0,,0,,0,,0,,0,,0,,0,,0,643350,20160810
20160810,IH1703,,,2138.6,2138.6,2137.4,339,2182.8,2223.4,2137,46,29594100,351,,,2352.4,1924.8,0,,14:01:14,0,2135.8,1,2139,1,,0,,0,,0,,0,,0,,0,,0,,0,643350,20160810
20160810,IH1703,,,2138.6,2138.6,2137.4,339,2182.8,2223.4,2137,46,29594100,351,,,2352.4,1924.8,0,,14:01:15,0,2136,1,2139,1,,0,,0,,0,,0,,0,,0,,0,,0,643350,20160810
20160810,IH1703,,,2138.6,2138.6,2137.4,339,2182.8,2223.4,2137,46,29594100,351,,,2352.4,1924.8,0,,14:01:40,500,2136.4,1,2139,1,,0,,0,,0,,0,,0,,0,,0,,0,643350,20160810
20160810,IH1703,,,2138.6,2138.6,2137.4,339,2182.8,2223.4,2137,46,29594100,351,,,2352.4,1924.8,0,,14:01:43,500,2136.6,1,2139,1,,0,,0,,0,,0,,0,,0,,0,,0,643350,20160810
20160810,IH1703,,,2138.6,2138.6,2137.4,339,2182.8,2223.4,2137,46,29594100,351,,,2352.4,1924.8,0,,14:01:44,0,2136.6,1,2139,1,,0,,0,,0,,0,,0,,0,,0,,0,643350,20160810
20160810,IH1703,,,2138.6,2138.6,2137.4,339,2182.8,2223.4,2137,46,29594100,351,,,2352.4,1924.8,0,,14:01:50,500,2136.6,1,2139,1,,0,,0,,0,,0,,0,,0,,0,,0,643350,20160810
20160810,IH1703,,,2138.6,2138.6,2137.4,339,2182.8,2223.4,2137,46,29594100,351,,,2352.4,1924.8,0,,14:02:11,0,2136.6,1,2138.8,1,,0,,0,,0,,0,,0,,0,,0,,0,643350,20160810
20160810,IH1703,,,2138.6,2138.6,2137.4,339,2182.8,2223.4,2137,46,29594100,351,,,2352.4,1924.8,0,,14:02:17,500,2136.6,1,2138.8,1,,0,,0,,0,,0,,0,,0,,0,,0,643350,20160810
20160810,IH1703,,,2138.6,2138.6,2137.4,339,2182.8,2223.4,2137,46,29594100,351,,,2352.4,1924.8,0,,14:02:32,500,2137,1,2138.8,1,,0,,0,,0,,0,,0,,0,,0,,0,643350,20160810
20160810,IH1703,,,2138.6,2138.6,2137.4,339,2182.8,2223.4,2137,46,29594100,351,,,2352.4,1924.8,0,,14:02:33,0,2137,1,2138.8,1,,0,,0,,0,,0,,0,,0,,0,,0,643350,20160810
20160810,IH1703,,,2138.6,2138.6,2137.4,339,2182.8,2223.4,2137,46,29594100,351,,,2352.4,1924.8,0,,14:02:43,0,2137,1,2139.4,1,,0,,0,,0,,0,,0,,0,,0,,0,643350,20160810
20160810,IH1703,,,2138.6,2138.6,2137.4,339,2182.8,2223.4,2137,46,29594100,351,,,2352.4,1924.8,0,,14:02:43,500,2137.2,1,2139.2,1,,0,,0,,0,,0,,0,,0,,0,,0,643350,20160810
20160810,IH1703,,,2138.6,2138.6,2137.4,339,2182.8,2223.4,2137,46,29594100,351,,,2352.4,1924.8,0,,14:02:44,500,2137.2,1,2139.2,1,,0,,0,,0,,0,,0,,0,,0,,0,643350,20160810
20160810,IH1703,,,2138.6,2138.6,2137.4,339,2182.8,2223.4,2137,46,29594100,351,,,2352.4,1924.8,0,,14:03:14,500,2137.2,1,2139,1,,0,,0,,0,,0,,0,,0,,0,,0,643350,20160810
20160810,IH1703,,,2138.6,2138.6,2137.4,339,2182.8,2223.4,2137,46,29594100,351,,,2352.4,1924.8,0,,14:03:35,0,2137.2,1,2139,1,,0,,0,,0,,0,,0,,0,,0,,0,643350,20160810
20160810,IH1703,,,2138.6,2138.6,2137.4,339,2182.8,2223.4,2137,46,29594100,351,,,2352.4,1924.8,0,,14:03:37,0,2137.2,2,2139,1,,0,,0,,0,,0,,0,,0,,0,,0,643350,20160810
20160810,IH1703,,,2138.6,2138.6,2137.4,339,2182.8,2223.4,2137,46,29594100,351,,,2352.4,1924.8,0,,14:04:25,0,2137.2,2,2139.2,1,,0,,0,,0,,0,,0,,0,,0,,0,643350,20160810
20160810,IH1703,,,2138.6,2138.6,2137.4,339,2182.8,2223.4,2137,46,29594100,351,,,2352.4,1924.8,0,,14:10:27,0,2137.2,2,2139.2,1,,0,,0,,0,,0,,0,,0,,0,,0,643350,20160810
20160810,IH1703,,,2138.6,2138.6,2137.4,339,2182.8,2223.4,2137,46,29594100,351,,,2352.4,1924.8,0,,14:12:12,0,2137.2,1,2139.2,1,,0,,0,,0,,0,,0,,0,,0,,0,643350,20160810
20160810,IH1703,,,2138.6,2138.6,2137.4,339,2182.8,2223.4,2137,46,29594100,351,,,2352.4,1924.8,0,,14:12:13,0,2137.2,2,2139.2,1,,0,,0,,0,,0,,0,,0,,0,,0,643350,20160810
20160810,IH1703,,,2138.6,2138.6,2137.4,339,2182.8,2223.4,2137,46,29594100,351,,,2352.4,1924.8,0,,14:12:42,500,2137.2,1,2139.2,1,,0,,0,,0,,0,,0,,0,,0,,0,643350,20160810
20160810,IH1703,,,2138.6,2138.6,2137.4,339,2182.8,2223.4,2137,46,29594100,351,,,2352.4,1924.8,0,,14:13:42,500,2135.8,1,2139.2,1,,0,,0,,0,,0,,0,,0,,0,,0,643350,20160810
20160810,IH1703,,,2138.6,2138.6,2137.4,339,2182.8,2223.4,2137,46,29594100,351,,,2352.4,1924.8,0,,14:13:43,0,2136.6,1,2139.2,1,,0,,0,,0,,0,,0,,0,,0,,0,643350,20160810
20160810,IH1703,,,2138.6,2138.6,2137.4,339,2182.8,2223.4,2137,46,29594100,351,,,2352.4,1924.8,0,,14:13:43,500,2136.6,1,2139.2,1,,0,,0,,0,,0,,0,,0,,0,,0,643350,20160810
20160810,IH1703,,,2138.6,2138.6,2137.4,339,2182.8,2223.4,2137,46,29594100,351,,,2352.4,1924.8,0,,14:13:44,0,2136.8,1,2139.2,1,,0,,0,,0,,0,,0,,0,,0,,0,643350,20160810
20160810,IH1703,,,2138.6,2138.6,2137.4,339,2182.8,2223.4,2137,46,29594100,351,,,2352.4,1924.8,0,,14:14:16,0,2136.8,1,2139.2,1,,0,,0,,0,,0,,0,,0,,0,,0,643350,20160810
20160810,IH1703,,,2138.6,2138.6,2137.4,339,2182.8,2223.4,2137,46,29594100,351,,,2352.4,1924.8,0,,14:14:47,0,2135.8,1,2138.8,1,,0,,0,,0,,0,,0,,0,,0,,0,643350,20160810
20160810,IH1703,,,2138.6,2138.6,2137.4,339,2182.8,2223.4,2137,46,29594100,351,,,2352.4,1924.8,0,,14:14:48,0,2136,1,2138.8,1,,0,,0,,0,,0,,0,,0,,0,,0,643350,20160810
20160810,IH1703,,,2138.6,2138.6,2137.4,339,2182.8,2223.4,2137,46,29594100,351,,,2352.4,1924.8,0,,14:14:49,0,2136.2,1,2138.6,1,,0,,0,,0,,0,,0,,0,,0,,0,643350,20160810
20160810,IH1703,,,2138.6,2138.6,2137.4,339,2182.8,2223.4,2137,46,29594100,351,,,2352.4,1924.8,0,,14:14:49,500,2136.2,1,2138.6,1,,0,,0,,0,,0,,0,,0,,0,,0,643350,20160810
20160810,IH1703,,,2138.6,2138.6,2137.4,339,2182.8,2223.4,2137,46,29594100,351,,,2352.4,1924.8,0,,14:15:37,0,2136.2,1,2138.4,1,,0,,0,,0,,0,,0,,0,,0,,0,643350,20160810
20160810,IH1703,,,2138.6,2138.6,2137.4,339,2182.8,2223.4,2137,46,29594100,351,,,2352.4,1924.8,0,,14:15:57,500,2136.2,1,2138.2,1,,0,,0,,0,,0,,0,,0,,0,,0,643350,20160810
20160810,IH1703,,,2138.6,2138.6,2137.4,339,2182.8,2223.4,2137,46,29594100,351,,,2352.4,1924.8,0,,14:17:04,0,2136.2,1,2138,1,,0,,0,,0,,0,,0,,0,,0,,0,643350,20160810
20160810,IH1703,,,2138.6,2138.6,2137.4,339,2182.8,2223.4,2137,46,29594100,351,,,2352.4,1924.8,0,,14:17:13,500,2136.2,1,2138,1,,0,,0,,0,,0,,0,,0,,0,,0,643350,20160810
20160810,IH1703,,,2138.6,2138.6,2137.4,339,2182.8,2223.4,2137,46,29594100,351,,,2352.4,1924.8,0,,14:17:14,0,2136.2,1,2138.2,1,,0,,0,,0,,0,,0,,0,,0,,0,643350,20160810
20160810,IH1703,,,2138.6,2138.6,2137.4,339,2182.8,2223.4,2137,46,29594100,351,,,2352.4,1924.8,0,,14:17:16,0,2136.2,2,2138.2,1,,0,,0,,0,,0,,0,,0,,0,,0,643350,20160810
20160810,IH1703,,,2138.6,2138.6,2137.4,339,2182.8,2223.4,2137,46,29594100,351,,,2352.4,1924.8,0,,14:18:09,500,2136.6,1,2138.2,1,,0,,0,,0,,0,,0,,0,,0,,0,643350,20160810
20160810,IH1703,,,2138.6,2138.6,2137.4,339,2182.8,2223.4,2137,46,29594100,351,,,2352.4,1924.8,0,,14:18:10,0,2136.8,1,2138.2,1,,0,,0,,0,,0,,0,,0,,0,,0,643350,20160810
20160810,IH1703,,,2138.6,2138.6,2137.4,339,2182.8,2223.4,2137,46,29594100,351,,,2352.4,1924.8,0,,14:18:11,0,2136.8,1,2138.2,1,,0,,0,,0,,0,,0,,0,,0,,0,643350,20160810
20160810,IH1703,,,2138.6,2138.6,2137.4,339,2182.8,2223.4,2137,46,29594100,351,,,2352.4,1924.8,0,,14:18:45,500,2136.2,1,2138.2,1,,0,,0,,0,,0,,0,,0,,0,,0,643350,20160810
20160810,IH1703,,,2138.6,2138.6,2137.4,339,2182.8,2223.4,2137,46,29594100,351,,,2352.4,1924.8,0,,14:18:46,0,2136.8,1,2138.2,1,,0,,0,,0,,0,,0,,0,,0,,0,643350,20160810
20160810,IH1703,,,2138.6,2138.6,2137.4,339,2182.8,2223.4,2137,46,29594100,351,,,2352.4,1924.8,0,,14:18:47,0,2137,1,2138.2,1,,0,,0,,0,,0,,0,,0,,0,,0,643350,20160810
20160810,IH1703,,,2138.6,2138.6,2137.4,339,2182.8,2223.4,2137,46,29594100,351,,,2352.4,1924.8,0,,14:18:47,500,2137,1,2138.2,1,,0,,0,,0,,0,,0,,0,,0,,0,643350,20160810
20160810,IH1703,,,2138.6,2138.6,2137.4,339,2182.8,2223.4,2137,46,29594100,351,,,2352.4,1924.8,0,,14:18:48,500,2137,1,2138.4,1,,0,,0,,0,,0,,0,,0,,0,,0,643350,20160810
20160810,IH1703,,,2138.6,2138.6,2137.4,339,2182.8,2223.4,2137,46,29594100,351,,,2352.4,1924.8,0,,14:19:20,500,2136.2,1,2138.4,1,,0,,0,,0,,0,,0,,0,,0,,0,643350,20160810
20160810,IH1703,,,2138.6,2138.6,2137.4,339,2182.8,2223.4,2137,46,29594100,351,,,2352.4,1924.8,0,,14:19:21,0,2136.8,2,2138.4,1,,0,,0,,0,,0,,0,,0,,0,,0,643350,20160810
20160810,IH1703,,,2138.6,2138.6,2137.4,339,2182.8,2223.4,2137,46,29594100,351,,,2352.4,1924.8,0,,14:19:22,0,2137,1,2138.4,1,,0,,0,,0,,0,,0,,0,,0,,0,643350,20160810
20160810,IH1703,,,2138.6,2138.6,2137.4,339,2182.8,2223.4,2137,46,29594100,351,,,2352.4,1924.8,0,,14:19:22,500,2137,1,2138.4,1,,0,,0,,0,,0,,0,,0,,0,,0,643350,20160810
20160810,IH1703,,,2138.6,2138.6,2137.4,339,2182.8,2223.4,2137,46,29594100,351,,,2352.4,1924.8,0,,14:19:35,500,2137.4,1,2138.4,1,,0,,0,,0,,0,,0,,0,,0,,0,643350,20160810
20160810,IH1703,,,2138.6,2138.6,2137.4,339,2182.8,2223.4,2137,46,29594100,351,,,2352.4,1924.8,0,,14:19:36,500,2138,1,2138.4,1,,0,,0,,0,,0,,0,,0,,0,,0,643350,20160810
20160810,IH1703,,,2138.6,2138.6,2137.4,339,2182.8,2223.4,2137,46,29594100,351,,,2352.4,1924.8,0,,14:19:37,500,2138,1,2138.4,1,,0,,0,,0,,0,,0,,0,,0,,0,643350,20160810
20160810,IH1703,,,2138.6,2138.6,2137.4,339,2182.8,2223.4,2137,46,29594100,351,,,2352.4,1924.8,0,,14:19:41,0,2138,1,2143,2,,0,,0,,0,,0,,0,,0,,0,,0,643350,20160810
20160810,IH1703,,,2138.6,2138.6,2137.4,339,2182.8,2223.4,2137,46,29594100,351,,,2352.4,1924.8,0,,14:19:45,500,2138.2,1,2142.8,1,,0,,0,,0,,0,,0,,0,,0,,0,643350,20160810
20160810,IH1703,,,2138.6,2138.6,2137.4,339,2182.8,2223.4,2137,46,29594100,351,,,2352.4,1924.8,0,,14:20:07,500,2138.2,2,2142.8,1,,0,,0,,0,,0,,0,,0,,0,,0,643350,20160810
20160810,IH1703,,,2138.6,2138.6,2137.4,339,2182.8,2223.4,2137,46,29594100,351,,,2352.4,1924.8,0,,14:20:13,0,2138.2,2,2142,1,,0,,0,,0,,0,,0,,0,,0,,0,643350,20160810
20160810,IH1703,,,2138.6,2138.6,2137.4,339,2182.8,2223.4,2137,46,29594100,351,,,2352.4,1924.8,0,,14:20:13,500,2138.2,2,2141.8,1,,0,,0,,0,,0,,0,,0,,0,,0,643350,20160810
20160810,IH1703,,,2138.6,2138.6,2137.4,339,2182.8,2223.4,2137,46,29594100,351,,,2352.4,1924.8,0,,14:20:30,0,2138.2,2,2141,1,,0,,0,,0,,0,,0,,0,,0,,0,643350,20160810
20160810,IH1703,,,2138.6,2138.6,2137.4,339,2182.8,2223.4,2137,46,29594100,351,,,2352.4,1924.8,0,,14:20:33,500,2138.2,2,2140.8,1,,0,,0,,0,,0,,0,,0,,0,,0,643350,20160810
20160810,IH1703,,,2138.6,2138.6,2137.4,339,2182.8,2223.4,2137,46,29594100,351,,,2352.4,1924.8,0,,14:23:35,0,2138.6,1,2140.8,1,,0,,0,,0,,0,,0,,0,,0,,0,643350,20160810
20160810,IH1703,,,2138.6,2138.6,2137.4,339,2182.8,2223.4,2137,46,29594100,351,,,2352.4,1924.8,0,,14:23:58,500,2138.6,1,2140.8,1,,0,,0,,0,,0,,0,,0,,0,,0,643350,20160810
20160810,IH1703,,,2138.6,2138.6,2137.4,339,2182.8,2223.4,2137,46,29594100,351,,,2352.4,1924.8,0,,14:23:59,500,2138.6,1,2140.6,1,,0,,0,,0,,0,,0,,0,,0,,0,643350,20160810
20160810,IH1703,,,2138.6,2138.6,2137.4,339,2182.8,2223.4,2137,46,29594100,351,,,2352.4,1924.8,0,,14:24:00,0,2135.8,1,2140.6,1,,0,,0,,0,,0,,0,,0,,0,,0,643350,20160810
20160810,IH1703,,,2138.6,2138.6,2137.4,339,2182.8,2223.4,2137,46,29594100,351,,,2352.4,1924.8,0,,14:24:01,0,2137,1,2140.6,1,,0,,0,,0,,0,,0,,0,,0,,0,643350,20160810
20160810,IH1703,,,2138.6,2138.6,2137.4,339,2182.8,2223.4,2137,46,29594100,351,,,2352.4,1924.8,0,,14:24:01,500,2137.2,1,2140.4,1,,0,,0,,0,,0,,0,,0,,0,,0,643350,20160810
20160810,IH1703,,,2138.6,2138.6,2137.4,339,2182.8,2223.4,2137,46,29594100,351,,,2352.4,1924.8,0,,14:24:33,500,2137.2,1,2140.2,1,,0,,0,,0,,0,,0,,0,,0,,0,643350,20160810
20160810,IH1703,,,2138.6,2138.6,2137.4,339,2182.8,2223.4,2137,46,29594100,351,,,2352.4,1924.8,0,,14:24:49,0,2137.2,1,2140,1,,0,,0,,0,,0,,0,,0,,0,,0,643350,20160810
20160810,IH1703,,,2138.6,2138.6,2137.4,339,2182.8,2223.4,2137,46,29594100,351,,,2352.4,1924.8,0,,14:24:52,0,2137.2,1,2139.8,1,,0,,0,,0,,0,,0,,0,,0,,0,643350,20160810
20160810,IH1703,,,2138.6,2138.6,2137.4,339,2182.8,2223.4,2137,46,29594100,351,,,2352.4,1924.8,0,,14:25:18,0,2137.2,1,2139.6,1,,0,,0,,0,,0,,0,,0,,0,,0,643350,20160810
20160810,IH1703,,,2138.6,2138.6,2137.4,339,2182.8,2223.4,2137,46,29594100,351,,,2352.4,1924.8,0,,14:25:23,500,2137.2,1,2139.4,1,,0,,0,,0,,0,,0,,0,,0,,0,643350,20160810
20160810,IH1703,,,2138.6,2138.6,2137.4,339,2182.8,2223.4,2137,46,29594100,351,,,2352.4,1924.8,0,,14:25:42,0,2137.4,1,2139.4,1,,0,,0,,0,,0,,0,,0,,0,,0,643350,20160810
20160810,IH1703,,,2138.6,2138.6,2137.4,339,2182.8,2223.4,2137,46,29594100,351,,,2352.4,1924.8,0,,14:25:45,500,2137.2,1,2139.4,1,,0,,0,,0,,0,,0,,0,,0,,0,643350,20160810
20160810,IH1703,,,2138.6,2138.6,2137.4,339,2182.8,2223.4,2137,46,29594100,351,,,2352.4,1924.8,0,,14:25:46,0,2137.6,1,2139.4,1,,0,,0,,0,,0,,0,,0,,0,,0,643350,20160810
20160810,IH1703,,,2138.6,2138.6,2137.4,339,2182.8,2223.4,2137,46,29594100,351,,,2352.4,1924.8,0,,14:25:46,500,2137.2,1,2139.4,1,,0,,0,,0,,0,,0,,0,,0,,0,643350,20160810
20160810,IH1703,,,2138.6,2138.6,2137.4,339,2182.8,2223.4,2137,46,29594100,351,,,2352.4,1924.8,0,,14:25:58,0,2137.2,2,2139.4,1,,0,,0,,0,,0,,0,,0,,0,,0,643350,20160810
20160810,IH1703,,,2138.6,2138.6,2137.4,339,2182.8,2223.4,2137,46,29594100,351,,,2352.4,1924.8,0,,14:29:46,500,2137.2,1,2139.4,1,,0,,0,,0,,0,,0,,0,,0,,0,643350,20160810
20160810,IH1703,,,2138.6,2138.6,2137.4,339,2182.8,2223.4,2137,46,29594100,351,,,2352.4,1924.8,0,,14:32:08,0,2137.2,2,2139.4,1,,0,,0,,0,,0,,0,,0,,0,,0,643350,20160810
20160810,IH1703,,,2138.6,2138.6,2137.4,339,2182.8,2223.4,2137,46,29594100,351,,,2352.4,1924.8,0,,14:32:16,500,2137.2,1,2139.4,1,,0,,0,,0,,0,,0,,0,,0,,0,643350,20160810
20160810,IH1703,,,2138.6,2138.6,2137.4,339,2182.8,2223.4,2137,46,29594100,351,,,2352.4,1924.8,0,,14:32:17,0,2137.4,1,2139.4,1,,0,,0,,0,,0,,0,,0,,0,,0,643350,20160810
20160810,IH1703,,,2138.6,2138.6,2137.4,339,2182.8,2223.4,2137,46,29594100,351,,,2352.4,1924.8,0,,14:32:57,0,2137.2,1,2139.4,1,,0,,0,,0,,0,,0,,0,,0,,0,643350,20160810
20160810,IH1703,,,2138.6,2138.6,2137.4,339,2182.8,2223.4,2137,46,29594100,351,,,2352.4,1924.8,0,,14:32:57,500,2137.8,1,2139.4,1,,0,,0,,0,,0,,0,,0,,0,,0,643350,20160810
20160810,IH1703,,,2138.6,2138.6,2137.4,339,2182.8,2223.4,2137,46,29594100,351,,,2352.4,1924.8,0,,14:32:58,0,2137.2,1,2139.4,1,,0,,0,,0,,0,,0,,0,,0,,0,643350,20160810
20160810,IH1703,,,2138.6,2138.6,2137.4,339,2182.8,2223.4,2137,46,29594100,351,,,2352.4,1924.8,0,,14:32:58,500,2137.6,1,2139.4,1,,0,,0,,0,,0,,0,,0,,0,,0,643350,20160810
20160810,IH1703,,,2138.6,2138.6,2137.4,339,2182.8,2223.4,2137,46,29594100,351,,,2352.4,1924.8,0,,14:32:59,0,2137.8,1,2139.4,1,,0,,0,,0,,0,,0,,0,,0,,0,643350,20160810
20160810,IH1703,,,2138.6,2138.6,2137.4,339,2182.8,2223.4,2137,46,29594100,351,,,2352.4,1924.8,0,,14:33:00,0,2137.2,1,2139.4,1,,0,,0,,0,,0,,0,,0,,0,,0,643350,20160810
20160810,IH1703,,,2138.6,2138.6,2137.4,339,2182.8,2223.4,2137,46,29594100,351,,,2352.4,1924.8,0,,14:33:00,500,2137.6,1,2139.4,1,,0,,0,,0,,0,,0,,0,,0,,0,643350,20160810
20160810,IH1703,,,2138.6,2138.6,2137.4,339,2182.8,2223.4,2137,46,29594100,351,,,2352.4,1924.8,0,,14:33:05,0,2137.2,1,2139.4,1,,0,,0,,0,,0,,0,,0,,0,,0,643350,20160810
20160810,IH1703,,,2138.6,2138.6,2137.4,339,2182.8,2223.4,2137,46,29594100,351,,,2352.4,1924.8,0,,14:33:06,0,2137.8,1,2139.4,1,,0,,0,,0,,0,,0,,0,,0,,0,643350,20160810
20160810,IH1703,,,2138.6,2138.6,2137.4,339,2182.8,2223.4,2137,46,29594100,351,,,2352.4,1924.8,0,,14:33:06,500,2137.6,1,2139.4,1,,0,,0,,0,,0,,0,,0,,0,,0,643350,20160810
20160810,IH1703,,,2138.6,2138.6,2137.4,339,2182.8,2223.4,2137,46,29594100,351,,,2352.4,1924.8,0,,14:33:08,500,2137.6,1,2139.4,1,,0,,0,,0,,0,,0,,0,,0,,0,643350,20160810
20160810,IH1703,,,2138.6,2138.6,2137.4,339,2182.8,2223.4,2137,46,29594100,351,,,2352.4,1924.8,0,,14:33:22,0,2137.2,1,2139.4,1,,0,,0,,0,,0,,0,,0,,0,,0,643350,20160810
20160810,IH1703,,,2138.6,2138.6,2137.4,339,2182.8,2223.4,2137,46,29594100,351,,,2352.4,1924.8,0,,14:33:22,500,2137.8,1,2139.4,1,,0,,0,,0,,0,,0,,0,,0,,0,643350,20160810
20160810,IH1703,,,2138.6,2138.6,2137.4,339,2182.8,2223.4,2137,46,29594100,351,,,2352.4,1924.8,0,,14:33:23,500,2138,1,2139.4,1,,0,,0,,0,,0,,0,,0,,0,,0,643350,20160810
20160810,IH1703,,,2138.6,2138.6,2137.4,339,2182.8,2223.4,2137,46,29594100,351,,,2352.4,1924.8,0,,14:33:24,0,2138,1,2139.4,1,,0,,0,,0,,0,,0,,0,,0,,0,643350,20160810
20160810,IH1703,,,2138.6,2138.6,2137.4,339,2182.8,2223.4,2137,46,29594100,351,,,2352.4,1924.8,0,,14:33:24,500,2137.2,1,2139.4,1,,0,,0,,0,,0,,0,,0,,0,,0,643350,20160810
20160810,IH1703,,,2138.6,2138.6,2137.4,339,2182.8,2223.4,2137,46,29594100,351,,,2352.4,1924.8,0,,14:33:25,500,2137.6,1,2139.4,1,,0,,0,,0,,0,,0,,0,,0,,0,643350,20160810
20160810,IH1703,,,2138.6,2138.6,2137.4,339,2182.8,2223.4,2137,46,29594100,351,,,2352.4,1924.8,0,,14:33:26,500,2137.6,1,2139.4,1,,0,,0,,0,,0,,0,,0,,0,,0,643350,20160810
20160810,IH1703,,,2138.6,2138.6,2137.4,339,2182.8,2223.4,2137,46,29594100,351,,,2352.4,1924.8,0,,14:33:28,500,2138.2,1,2139.4,1,,0,,0,,0,,0,,0,,0,,0,,0,643350,20160810
20160810,IH1703,,,2138.6,2138.6,2137.4,339,2182.8,2223.4,2137,46,29594100,351,,,2352.4,1924.8,0,,14:33:30,0,2138.2,1,2141,1,,0,,0,,0,,0,,0,,0,,0,,0,643350,20160810
20160810,IH1703,,,2138.6,2138.6,2137.4,339,2182.8,2223.4,2137,46,29594100,351,,,2352.4,1924.8,0,,14:33:37,0,2138.4,2,2140.8,1,,0,,0,,0,,0,,0,,0,,0,,0,643350,20160810
20160810,IH1703,,,2138.6,2138.6,2137.4,339,2182.8,2223.4,2137,46,29594100,351,,,2352.4,1924.8,0,,14:34:09,500,2138.4,2,2140.8,1,,0,,0,,0,,0,,0,,0,,0,,0,643350,20160810
20160810,IH1703,,,2138.6,2138.6,2137.4,339,2182.8,2223.4,2137,46,29594100,351,,,2352.4,1924.8,0,,14:36:18,500,2138.2,1,2140.6,1,,0,,0,,0,,0,,0,,0,,0,,0,643350,20160810
20160810,IH1703,,,2138.6,2138.6,2137.4,339,2182.8,2223.4,2137,46,29594100,351,,,2352.4,1924.8,0,,14:36:23,0,2138.4,1,2140.4,1,,0,,0,,0,,0,,0,,0,,0,,0,643350,20160810
20160810,IH1703,,,2138.6,2138.6,2137.4,339,2182.8,2223.4,2137,46,29594100,351,,,2352.4,1924.8,0,,14:39:03,500,2138.4,1,2140.4,1,,0,,0,,0,,0,,0,,0,,0,,0,643350,20160810
20160810,IH1703,,,2138.6,2138.6,2137.4,339,2182.8,2223.4,2137,46,29594100,351,,,2352.4,1924.8,0,,14:39:09,0,2138.4,1,2140.2,1,,0,,0,,0,,0,,0,,0,,0,,0,643350,20160810
20160810,IH1703,,,2138.6,2138.6,2137.4,339,2182.8,2223.4,2137,46,29594100,351,,,2352.4,1924.8,0,,14:39:41,0,2138.4,1,2140.2,1,,0,,0,,0,,0,,0,,0,,0,,0,643350,20160810
20160810,IH1703,,,2138.6,2138.6,2137.4,339,2182.8,2223.4,2137,46,29594100,351,,,2352.4,1924.8,0,,14:39:52,0,2138.4,1,2140,1,,0,,0,,0,,0,,0,,0,,0,,0,643350,20160810
20160810,IH1703,,,2138.6,2138.6,2137.4,339,2182.8,2223.4,2137,46,29594100,351,,,2352.4,1924.8,0,,14:40:41,0,2138.4,1,2140,1,,0,,0,,0,,0,,0,,0,,0,,0,643350,20160810
20160810,IH1703,,,2138.6,2138.6,2137.4,339,2182.8,2223.4,2137,46,29594100,351,,,2352.4,1924.8,0,,14:40:42,500,2138.4,1,2139.8,1,,0,,0,,0,,0,,0,,0,,0,,0,643350,20160810
20160810,IH1703,,,2138.6,2138.6,2137.4,339,2182.8,2223.4,2137,46,29594100,351,,,2352.4,1924.8,0,,14:40:51,0,2138.4,1,2139.6,1,,0,,0,,0,,0,,0,,0,,0,,0,643350,20160810
20160810,IH1703,,,2138.6,2138.6,2137.4,339,2182.8,2223.4,2137,46,29594100,351,,,2352.4,1924.8,0,,14:40:57,0,2135,1,2139.6,1,,0,,0,,0,,0,,0,,0,,0,,0,643350,20160810
20160810,IH1703,,,2138.6,2138.6,2137.4,339,2182.8,2223.4,2137,46,29594100,351,,,2352.4,1924.8,0,,14:40:57,500,2137.2,1,2139.6,1,,0,,0,,0,,0,,0,,0,,0,,0,643350,20160810
20160810,IH1703,,,2138.6,2138.6,2137.4,339,2182.8,2223.4,2137,46,29594100,351,,,2352.4,1924.8,0,,14:40:58,0,2137.2,1,2139.6,1,,0,,0,,0,,0,,0,,0,,0,,0,643350,20160810
20160810,IH1703,,,2138.6,2138.6,2137.4,339,2182.8,2223.4,2137,46,29594100,351,,,2352.4,1924.8,0,,14:40:59,0,2137.2,1,2139.6,1,,0,,0,,0,,0,,0,,0,,0,,0,643350,20160810
20160810,IH1703,,,2138.6,2138.6,2137.4,339,2182.8,2223.4,2137,46,29594100,351,,,2352.4,1924.8,0,,14:41:08,0,2137.2,1,2139.6,1,,0,,0,,0,,0,,0,,0,,0,,0,643350,20160810
20160810,IH1703,,,2138.6,2138.6,2137.4,339,2182.8,2223.4,2137,46,29594100,351,,,2352.4,1924.8,0,,14:41:09,0,2137.2,1,2139.4,1,,0,,0,,0,,0,,0,,0,,0,,0,643350,20160810
20160810,IH1703,,,2138.6,2138.6,2137.4,339,2182.8,2223.4,2137,46,29594100,351,,,2352.4,1924.8,0,,14:42:19,500,2137.2,1,2139.2,1,,0,,0,,0,,0,,0,,0,,0,,0,643350,20160810
20160810,IH1703,,,2138.6,2138.6,2137.4,339,2182.8,2223.4,2137,46,29594100,351,,,2352.4,1924.8,0,,14:44:14,500,2135,1,2139.2,1,,0,,0,,0,,0,,0,,0,,0,,0,643350,20160810
20160810,IH1703,,,2138.6,2138.6,2137.4,339,2182.8,2223.4,2137,46,29594100,351,,,2352.4,1924.8,0,,14:44:15,500,2137,1,2139.2,1,,0,,0,,0,,0,,0,,0,,0,,0,643350,20160810
20160810,IH1703,,,2138.6,2138.6,2137.4,339,2182.8,2223.4,2137,46,29594100,351,,,2352.4,1924.8,0,,14:44:16,0,2137,1,2139.2,1,,0,,0,,0,,0,,0,,0,,0,,0,643350,20160810
20160810,IH1703,,,2138.6,2138.6,2137.4,339,2182.8,2223.4,2137,46,29594100,351,,,2352.4,1924.8,0,,14:44:17,500,2137,1,2139,1,,0,,0,,0,,0,,0,,0,,0,,0,643350,20160810
20160810,IH1703,,,2138.6,2138.6,2137.4,339,2182.8,2223.4,2137,46,29594100,351,,,2352.4,1924.8,0,,14:44:21,0,2135,1,2139,1,,0,,0,,0,,0,,0,,0,,0,,0,643350,20160810
20160810,IH1703,,,2138.6,2138.6,2137.4,339,2182.8,2223.4,2137,46,29594100,351,,,2352.4,1924.8,0,,14:44:21,500,2135.8,1,2139,1,,0,,0,,0,,0,,0,,0,,0,,0,643350,20160810
20160810,IH1703,,,2138.6,2138.6,2137.4,339,2182.8,2223.4,2137,46,29594100,351,,,2352.4,1924.8,0,,14:44:22,0,2136,1,2139,1,,0,,0,,0,,0,,0,,0,,0,,0,643350,20160810
20160810,IH1703,,,2138.6,2138.6,2137.4,339,2182.8,2223.4,2137,46,29594100,351,,,2352.4,1924.8,0,,14:44:23,0,2136.2,1,2138.8,2,,0,,0,,0,,0,,0,,0,,0,,0,643350,20160810
20160810,IH1703,,,2138.6,2138.6,2137.4,339,2182.8,2223.4,2137,46,29594100,351,,,2352.4,1924.8,0,,14:44:23,500,2136.4,1,2138.8,2,,0,,0,,0,,0,,0,,0,,0,,0,643350,20160810
20160810,IH1703,,,2138.6,2138.6,2137.4,339,2182.8,2223.4,2137,46,29594100,351,,,2352.4,1924.8,0,,14:44:24,0,2137.2,1,2138.8,2,,0,,0,,0,,0,,0,,0,,0,,0,643350,20160810
20160810,IH1703,,,2138.6,2138.6,2137.4,339,2182.8,2223.4,2137,46,29594100,351,,,2352.4,1924.8,0,,14:44:24,500,2136.4,1,2138.8,2,,0,,0,,0,,0,,0,,0,,0,,0,643350,20160810
20160810,IH1703,,,2138.6,2138.6,2137.4,339,2182.8,2223.4,2137,46,29594100,351,,,2352.4,1924.8,0,,14:45:23,500,2136.4,1,2138.6,1,,0,,0,,0,,0,,0,,0,,0,,0,643350,20160810
20160810,IH1703,,,2138.6,2138.6,2137.4,339,2182.8,2223.4,2137,46,29594100,351,,,2352.4,1924.8,0,,14:45:44,500,2136.4,1,2138.4,1,,0,,0,,0,,0,,0,,0,,0,,0,643350,20160810
20160810,IH1703,,,2138.6,2138.6,2137.4,339,2182.8,2223.4,2137,46,29594100,351,,,2352.4,1924.8,0,,14:46:10,500,2136.4,1,2138.4,1,,0,,0,,0,,0,,0,,0,,0,,0,643350,20160810
20160810,IH1703,,,2138.6,2138.6,2137.4,339,2182.8,2223.4,2137,46,29594100,351,,,2352.4,1924.8,0,,14:46:41,500,2136.8,1,2138.4,1,,0,,0,,0,,0,,0,,0,,0,,0,643350,20160810
20160810,IH1703,,,2138.6,2138.6,2137.4,339,2182.8,2223.4,2137,46,29594100,351,,,2352.4,1924.8,0,,14:46:42,0,2137,1,2138.4,1,,0,,0,,0,,0,,0,,0,,0,,0,643350,20160810
20160810,IH1703,,,2138.6,2138.6,2137.4,339,2182.8,2223.4,2137,46,29594100,351,,,2352.4,1924.8,0,,14:46:43,500,2137,1,2138.4,1,,0,,0,,0,,0,,0,,0,,0,,0,643350,20160810
20160810,IH1703,,,2138.6,2138.6,2137.4,339,2182.8,2223.4,2137,46,29594100,351,,,2352.4,1924.8,0,,14:46:45,0,2137,1,2138.4,1,,0,,0,,0,,0,,0,,0,,0,,0,643350,20160810
20160810,IH1703,,,2138.6,2138.6,2137.4,339,2182.8,2223.4,2137,46,29594100,351,,,2352.4,1924.8,0,,14:47:53,0,2137,2,2138.4,1,,0,,0,,0,,0,,0,,0,,0,,0,643350,20160810
20160810,IH1703,,,2138.6,2138.6,2137.4,339,2182.8,2223.4,2137,46,29594100,351,,,2352.4,1924.8,0,,14:52:56,0,2137,2,2138.4,1,,0,,0,,0,,0,,0,,0,,0,,0,643350,20160810
20160810,IH1703,,,2138.6,2138.6,2137.4,339,2182.8,2223.4,2137,46,29594100,351,,,2352.4,1924.8,0,,14:54:03,0,2137,1,2138.4,1,,0,,0,,0,,0,,0,,0,,0,,0,643350,20160810
20160810,IH1703,,,2138.6,2138.6,2137.4,339,2182.8,2223.4,2137,46,29594100,351,,,2352.4,1924.8,0,,14:54:04,0,2137.4,1,2138.4,1,,0,,0,,0,,0,,0,,0,,0,,0,643350,20160810
20160810,IH1703,,,2138.6,2138.6,2137.4,339,2182.8,2223.4,2137,46,29594100,351,,,2352.4,1924.8,0,,14:54:04,500,2137.4,1,2138.4,1,,0,,0,,0,,0,,0,,0,,0,,0,643350,20160810
20160810,IH1703,,,2138.6,2138.6,2137.4,339,2182.8,2223.4,2137,46,29594100,351,,,2352.4,1924.8,0,,14:57:53,0,2137,1,2138.4,1,,0,,0,,0,,0,,0,,0,,0,,0,643350,20160810
20160810,IH1703,,,2138.6,2138.6,2137.4,339,2182.8,2223.4,2137,46,29594100,351,,,2352.4,1924.8,0,,14:57:58,0,2137.2,1,2138.4,1,,0,,0,,0,,0,,0,,0,,0,,0,643350,20160810
20160810,IH1703,,,2138.6,2138.6,2137.4,339,2182.8,2223.4,2137,46,29594100,351,,,2352.4,1924.8,0,,14:57:58,500,2137.2,1,2138.4,1,,0,,0,,0,,0,,0,,0,,0,,0,643350,20160810
20160810,IH1703,,,2138.6,2138.6,2137.4,339,2182.8,2223.4,2137,46,29594100,351,,,2352.4,1924.8,0,,14:59:23,500,2137,1,2138.4,1,,0,,0,,0,,0,,0,,0,,0,,0,643350,20160810
20160810,IH1703,,,2138.4,2138.6,2137.4,339,2182.8,2223.4,2137,47,30235620,352,,,2352.4,1924.8,0,,14:59:43,500,2137,1,2143,2,,0,,0,,0,,0,,0,,0,,0,,0,643311.0638,20160810
20160810,IH1703,,,2138.4,2138.6,2137.4,339,2182.8,2223.4,2137,47,30235620,352,,,2352.4,1924.8,0,,14:59:45,0,2137.2,1,2141.4,1,,0,,0,,0,,0,,0,,0,,0,,0,643311.0638,20160810
20160810,IH1703,,,2138.4,2138.6,2137.4,339,2182.8,2223.4,2137,47,30235620,352,,,2352.4,1924.8,0,,14:59:46,0,2137.4,1,2141.2,1,,0,,0,,0,,0,,0,,0,,0,,0,643311.0638,20160810
20160810,IH1703,,,2138.4,2138.6,2137.4,339,2182.8,2223.4,2137,47,30235620,352,,,2352.4,1924.8,0,,14:59:46,500,2137.4,1,2141.2,1,,0,,0,,0,,0,,0,,0,,0,,0,643311.0638,20160810
20160810,IH1703,,,2138.4,2138.6,2137.4,339,2182.8,2223.4,2137,47,30235620,352,,,2352.4,1924.8,0,,14:59:47,0,2137.6,1,2141.2,1,,0,,0,,0,,0,,0,,0,,0,,0,643311.0638,20160810
20160810,IH1703,,,2138.4,2138.6,2137.4,339,2182.8,2223.4,2137,47,30235620,352,,,2352.4,1924.8,0,,14:59:48,500,2137.6,1,2141.2,1,,0,,0,,0,,0,,0,,0,,0,,0,643311.0638,20160810
20160810,IH1703,,,2138.4,2138.6,2137.4,339,2182.8,2223.4,2137,47,30235620,352,,,2352.4,1924.8,0,,14:59:49,0,2137.8,1,2141.2,1,,0,,0,,0,,0,,0,,0,,0,,0,643311.0638,20160810
20160810,IH1703,,,2138.4,2138.6,2137.4,339,2182.8,2223.4,2137,47,30235620,352,,,2352.4,1924.8,0,,14:59:53,0,2138,1,2141.2,1,,0,,0,,0,,0,,0,,0,,0,,0,643311.0638,20160810
20160810,IH1703,,,2138.4,2138.6,2137.4,339,2182.8,2223.4,2137,47,30235620,352,,,2352.4,1924.8,0,,14:59:54,0,2138.2,1,2141.2,1,,0,,0,,0,,0,,0,,0,,0,,0,643311.0638,20160810
20160810,IH1703,,,2138.4,2138.6,2137.4,339,2182.8,2223.4,2137,47,30235620,352,,,2352.4,1924.8,0,,14:59:54,500,2138.2,1,2140.2,1,,0,,0,,0,,0,,0,,0,,0,,0,643311.0638,20160810
20160810,IH1703,,,2138.4,2138.6,2137.4,339,2182.8,2223.4,2137,47,30235620,352,,,2352.4,1924.8,0,,15:00:32,0,2138.2,1,2140.2,1,,0,,0,,0,,0,,0,,0,,0,,0,643311.0638,20160810
20160810,IH1703,,,2138.4,2138.6,2137.4,339,2182.8,2223.4,2137,47,30235620,352,,,2352.4,1924.8,0,,15:00:34,0,2138.2,1,2140.2,1,,0,,0,,0,,0,,0,,0,,0,,0,643311.0638,20160810
20160810,IH1703,,,2138.4,2138.6,2137.4,339,2182.8,2223.4,2137,47,30235620,352,,,2352.4,1924.8,0,,15:00:37,0,2138.2,1,2140.2,1,,0,,0,,0,,0,,0,,0,,0,,0,643311.0638,20160810
20160810,IH1703,,,2138.4,2138.6,2137.4,339,2182.8,2223.4,2137,47,30235620,352,2138.4,,2352.4,1924.8,0,,15:00:38,0,2138.2,1,2140.2,1,,0,,0,,0,,0,,0,,0,,0,,0,643311.0638,20160810
20160810,IH1703,,,2138.4,2138.6,2137.4,339,2182.8,2223.4,2137,47,30235620,352,2138.4,2138.4,2352.4,1924.8,0,,15:23:20,0,2138.2,1,2140.2,1,,0,,0,,0,,0,,0,,0,,0,,0,643311.0638,20160810
20160810,IH1703,,,2138.4,2138.6,2137.4,339,2182.8,2223.4,2137,47,30235620,352,2138.4,2138.4,2352.4,1924.8,0,,15:24:41,500,2138.2,1,2140.2,1,,0,,0,,0,,0,,0,,0,,0,,0,643311.0638,20160810
20160810,IH1703,,,2138.4,2138.6,2137.4,339,2182.8,2223.4,2137,47,30235620,352,2138.4,2138.4,2352.4,1924.8,0,,15:32:59,500,2138.2,1,2140.2,1,,0,,0,,0,,0,,0,,0,,0,,0,643311.0638,20160810
